Shape 512 1024 1024
Blocks 256
# Block  Writer  Starts   Counts
0 0 0 128 256 128 128 128
1 0 0 128 384 128 128 128
2 0 0 256 0 128 128 128
3 0 0 256 128 128 128 128
4 0 0 384 0 128 128 128
5 0 0 384 128 128 128 128
6 0 128 0 256 128 128 128
7 0 128 0 384 128 128 128
8 0 128 128 256 128 128 128
9 0 128 128 384 128 128 128
10 0 128 256 0 128 128 128
11 1 0 256 256 128 128 128
12 1 0 256 384 128 128 128
13 1 0 384 256 128 128 128
14 1 0 384 384 128 128 128
15 1 128 256 128 128 128 128
16 1 128 256 256 128 128 128
17 1 128 256 384 128 128 128
18 1 128 384 0 128 128 128
19 1 128 384 128 128 128 128
20 1 128 384 256 128 128 128
21 1 128 384 384 128 128 128
22 2 256 128 256 128 128 128
23 2 256 128 384 128 128 128
24 2 256 256 0 128 128 128
25 2 256 256 128 128 128 128
26 2 256 384 0 128 128 128
27 2 256 384 128 128 128 128
28 2 384 0 256 128 128 128
29 2 384 0 384 128 128 128
30 2 384 128 256 128 128 128
31 2 384 128 384 128 128 128
32 2 384 256 0 128 128 128
33 3 256 256 256 128 128 128
34 3 256 256 384 128 128 128
35 3 256 384 256 128 128 128
36 3 256 384 384 128 128 128
37 3 384 256 128 128 128 128
38 3 384 256 256 128 128 128
39 3 384 256 384 128 128 128
40 3 384 384 0 128 128 128
41 3 384 384 128 128 128 128
42 3 384 384 256 128 128 128
43 3 384 384 384 128 128 128
44 4 0 128 768 128 128 128
45 4 0 128 896 128 128 128
46 4 0 256 512 128 128 128
47 4 0 256 640 128 128 128
48 4 0 384 512 128 128 128
49 4 0 384 640 128 128 128
50 4 128 0 768 128 128 128
51 4 128 0 896 128 128 128
52 4 128 128 768 128 128 128
53 4 128 128 896 128 128 128
54 4 128 256 512 128 128 128
55 5 0 256 768 128 128 128
56 5 0 256 896 128 128 128
57 5 0 384 768 128 128 128
58 5 0 384 896 128 128 128
59 5 128 256 640 128 128 128
60 5 128 256 768 128 128 128
61 5 128 256 896 128 128 128
62 5 128 384 512 128 128 128
63 5 128 384 640 128 128 128
64 5 128 384 768 128 128 128
65 5 128 384 896 128 128 128
66 6 256 128 768 128 128 128
67 6 256 128 896 128 128 128
68 6 256 256 512 128 128 128
69 6 256 256 640 128 128 128
70 6 256 384 512 128 128 128
71 6 256 384 640 128 128 128
72 6 384 0 768 128 128 128
73 6 384 0 896 128 128 128
74 6 384 128 768 128 128 128
75 6 384 128 896 128 128 128
76 6 384 256 512 128 128 128
77 7 256 256 768 128 128 128
78 7 256 256 896 128 128 128
79 7 256 384 768 128 128 128
80 7 256 384 896 128 128 128
81 7 384 256 640 128 128 128
82 7 384 256 768 128 128 128
83 7 384 256 896 128 128 128
84 7 384 384 512 128 128 128
85 7 384 384 640 128 128 128
86 7 384 384 768 128 128 128
87 7 384 384 896 128 128 128
88 8 0 640 256 128 128 128
89 8 0 640 384 128 128 128
90 8 0 768 0 128 128 128
91 8 0 768 128 128 128 128
92 8 0 896 0 128 128 128
93 8 0 896 128 128 128 128
94 8 128 512 256 128 128 128
95 8 128 512 384 128 128 128
96 8 128 640 256 128 128 128
97 8 128 640 384 128 128 128
98 8 128 768 0 128 128 128
99 9 0 768 256 128 128 128
100 9 0 768 384 128 128 128
101 9 0 896 256 128 128 128
102 9 0 896 384 128 128 128
103 9 128 768 128 128 128 128
104 9 128 768 256 128 128 128
105 9 128 768 384 128 128 128
106 9 128 896 0 128 128 128
107 9 128 896 128 128 128 128
108 9 128 896 256 128 128 128
109 9 128 896 384 128 128 128
110 10 256 640 256 128 128 128
111 10 256 640 384 128 128 128
112 10 256 768 0 128 128 128
113 10 256 768 128 128 128 128
114 10 256 896 0 128 128 128
115 10 256 896 128 128 128 128
116 10 384 512 256 128 128 128
117 10 384 512 384 128 128 128
118 10 384 640 256 128 128 128
119 10 384 640 384 128 128 128
120 10 384 768 0 128 128 128
121 11 256 768 256 128 128 128
122 11 256 768 384 128 128 128
123 11 256 896 256 128 128 128
124 11 256 896 384 128 128 128
125 11 384 768 128 128 128 128
126 11 384 768 256 128 128 128
127 11 384 768 384 128 128 128
128 11 384 896 0 128 128 128
129 11 384 896 128 128 128 128
130 11 384 896 256 128 128 128
131 11 384 896 384 128 128 128
132 12 0 640 768 128 128 128
133 12 0 640 896 128 128 128
134 12 0 768 512 128 128 128
135 12 0 768 640 128 128 128
136 12 0 896 512 128 128 128
137 12 0 896 640 128 128 128
138 12 128 512 768 128 128 128
139 12 128 512 896 128 128 128
140 12 128 640 768 128 128 128
141 12 128 640 896 128 128 128
142 12 128 768 512 128 128 128
143 13 0 768 768 128 128 128
144 13 0 768 896 128 128 128
145 13 0 896 768 128 128 128
146 13 0 896 896 128 128 128
147 13 128 768 640 128 128 128
148 13 128 768 768 128 128 128
149 13 128 768 896 128 128 128
150 13 128 896 512 128 128 128
151 13 128 896 640 128 128 128
152 13 128 896 768 128 128 128
153 13 128 896 896 128 128 128
154 14 256 640 768 128 128 128
155 14 256 640 896 128 128 128
156 14 256 768 512 128 128 128
157 14 256 768 640 128 128 128
158 14 256 896 512 128 128 128
159 14 256 896 640 128 128 128
160 14 384 512 768 128 128 128
161 14 384 512 896 128 128 128
162 14 384 640 768 128 128 128
163 14 384 640 896 128 128 128
164 14 384 768 512 128 128 128
165 15 256 768 768 128 128 128
166 15 256 768 896 128 128 128
167 15 256 896 768 128 128 128
168 15 256 896 896 128 128 128
169 15 384 768 640 128 128 128
170 15 384 768 768 128 128 128
171 15 384 768 896 128 128 128
172 15 384 896 512 128 128 128
173 15 384 896 640 128 128 128
174 15 384 896 768 128 128 128
175 15 384 896 896 128 128 128
176 16 0 0 0 128 128 128
177 16 0 0 128 128 128 128
178 16 0 0 256 128 128 128
179 16 0 0 384 128 128 128
180 16 0 128 0 128 128 128
181 16 0 128 128 128 128 128
182 16 128 0 0 128 128 128
183 16 128 0 128 128 128 128
184 16 128 128 0 128 128 128
185 16 128 128 128 128 128 128
186 17 256 0 0 128 128 128
187 17 256 0 128 128 128 128
188 17 256 0 256 128 128 128
189 17 256 0 384 128 128 128
190 17 256 128 0 128 128 128
191 17 256 128 128 128 128 128
192 17 384 0 0 128 128 128
193 17 384 0 128 128 128 128
194 17 384 128 0 128 128 128
195 17 384 128 128 128 128 128
196 18 0 0 512 128 128 128
197 18 0 0 640 128 128 128
198 18 0 0 768 128 128 128
199 18 0 0 896 128 128 128
200 18 0 128 512 128 128 128
201 18 0 128 640 128 128 128
202 18 128 0 512 128 128 128
203 18 128 0 640 128 128 128
204 18 128 128 512 128 128 128
205 18 128 128 640 128 128 128
206 19 256 0 512 128 128 128
207 19 256 0 640 128 128 128
208 19 256 0 768 128 128 128
209 19 256 0 896 128 128 128
210 19 256 128 512 128 128 128
211 19 256 128 640 128 128 128
212 19 384 0 512 128 128 128
213 19 384 0 640 128 128 128
214 19 384 128 512 128 128 128
215 19 384 128 640 128 128 128
216 20 0 512 0 128 128 128
217 20 0 512 128 128 128 128
218 20 0 512 256 128 128 128
219 20 0 512 384 128 128 128
220 20 0 640 0 128 128 128
221 20 0 640 128 128 128 128
222 20 128 512 0 128 128 128
223 20 128 512 128 128 128 128
224 20 128 640 0 128 128 128
225 20 128 640 128 128 128 128
226 21 256 512 0 128 128 128
227 21 256 512 128 128 128 128
228 21 256 512 256 128 128 128
229 21 256 512 384 128 128 128
230 21 256 640 0 128 128 128
231 21 256 640 128 128 128 128
232 21 384 512 0 128 128 128
233 21 384 512 128 128 128 128
234 21 384 640 0 128 128 128
235 21 384 640 128 128 128 128
236 22 0 512 512 128 128 128
237 22 0 512 640 128 128 128
238 22 0 512 768 128 128 128
239 22 0 512 896 128 128 128
240 22 0 640 512 128 128 128
241 22 0 640 640 128 128 128
242 22 128 512 512 128 128 128
243 22 128 512 640 128 128 128
244 22 128 640 512 128 128 128
245 22 128 640 640 128 128 128
246 23 256 512 512 128 128 128
247 23 256 512 640 128 128 128
248 23 256 512 768 128 128 128
249 23 256 512 896 128 128 128
250 23 256 640 512 128 128 128
251 23 256 640 640 128 128 128
252 23 384 512 512 128 128 128
253 23 384 512 640 128 128 128
254 23 384 640 512 128 128 128
255 23 384 640 640 128 128 128
