Shape 1024 2048 2048
Blocks 2048
# Block  Writer  Starts   Counts
0 0 0 128 256 128 128 128
1 0 0 128 384 128 128 128
2 0 0 256 0 128 128 128
3 0 0 256 128 128 128 128
4 0 0 384 0 128 128 128
5 0 0 384 128 128 128 128
6 0 128 0 256 128 128 128
7 0 128 0 384 128 128 128
8 0 128 128 256 128 128 128
9 0 128 128 384 128 128 128
10 0 128 256 0 128 128 128
11 1 0 256 256 128 128 128
12 1 0 256 384 128 128 128
13 1 0 384 256 128 128 128
14 1 0 384 384 128 128 128
15 1 128 256 128 128 128 128
16 1 128 256 256 128 128 128
17 1 128 256 384 128 128 128
18 1 128 384 0 128 128 128
19 1 128 384 128 128 128 128
20 1 128 384 256 128 128 128
21 1 128 384 384 128 128 128
22 2 256 128 256 128 128 128
23 2 256 128 384 128 128 128
24 2 256 256 0 128 128 128
25 2 256 256 128 128 128 128
26 2 256 384 0 128 128 128
27 2 256 384 128 128 128 128
28 2 384 0 256 128 128 128
29 2 384 0 384 128 128 128
30 2 384 128 256 128 128 128
31 2 384 128 384 128 128 128
32 2 384 256 0 128 128 128
33 3 256 256 256 128 128 128
34 3 256 256 384 128 128 128
35 3 256 384 256 128 128 128
36 3 256 384 384 128 128 128
37 3 384 256 128 128 128 128
38 3 384 256 256 128 128 128
39 3 384 256 384 128 128 128
40 3 384 384 0 128 128 128
41 3 384 384 128 128 128 128
42 3 384 384 256 128 128 128
43 3 384 384 384 128 128 128
44 4 0 128 768 128 128 128
45 4 0 128 896 128 128 128
46 4 0 256 512 128 128 128
47 4 0 256 640 128 128 128
48 4 0 384 512 128 128 128
49 4 0 384 640 128 128 128
50 4 128 0 768 128 128 128
51 4 128 0 896 128 128 128
52 4 128 128 768 128 128 128
53 4 128 128 896 128 128 128
54 4 128 256 512 128 128 128
55 5 0 256 768 128 128 128
56 5 0 256 896 128 128 128
57 5 0 384 768 128 128 128
58 5 0 384 896 128 128 128
59 5 128 256 640 128 128 128
60 5 128 256 768 128 128 128
61 5 128 256 896 128 128 128
62 5 128 384 512 128 128 128
63 5 128 384 640 128 128 128
64 5 128 384 768 128 128 128
65 5 128 384 896 128 128 128
66 6 256 128 768 128 128 128
67 6 256 128 896 128 128 128
68 6 256 256 512 128 128 128
69 6 256 256 640 128 128 128
70 6 256 384 512 128 128 128
71 6 256 384 640 128 128 128
72 6 384 0 768 128 128 128
73 6 384 0 896 128 128 128
74 6 384 128 768 128 128 128
75 6 384 128 896 128 128 128
76 6 384 256 512 128 128 128
77 7 256 256 768 128 128 128
78 7 256 256 896 128 128 128
79 7 256 384 768 128 128 128
80 7 256 384 896 128 128 128
81 7 384 256 640 128 128 128
82 7 384 256 768 128 128 128
83 7 384 256 896 128 128 128
84 7 384 384 512 128 128 128
85 7 384 384 640 128 128 128
86 7 384 384 768 128 128 128
87 7 384 384 896 128 128 128
88 8 0 640 256 128 128 128
89 8 0 640 384 128 128 128
90 8 0 768 0 128 128 128
91 8 0 768 128 128 128 128
92 8 0 896 0 128 128 128
93 8 0 896 128 128 128 128
94 8 128 512 256 128 128 128
95 8 128 512 384 128 128 128
96 8 128 640 256 128 128 128
97 8 128 640 384 128 128 128
98 8 128 768 0 128 128 128
99 9 0 768 256 128 128 128
100 9 0 768 384 128 128 128
101 9 0 896 256 128 128 128
102 9 0 896 384 128 128 128
103 9 128 768 128 128 128 128
104 9 128 768 256 128 128 128
105 9 128 768 384 128 128 128
106 9 128 896 0 128 128 128
107 9 128 896 128 128 128 128
108 9 128 896 256 128 128 128
109 9 128 896 384 128 128 128
110 10 256 640 256 128 128 128
111 10 256 640 384 128 128 128
112 10 256 768 0 128 128 128
113 10 256 768 128 128 128 128
114 10 256 896 0 128 128 128
115 10 256 896 128 128 128 128
116 10 384 512 256 128 128 128
117 10 384 512 384 128 128 128
118 10 384 640 256 128 128 128
119 10 384 640 384 128 128 128
120 10 384 768 0 128 128 128
121 11 256 768 256 128 128 128
122 11 256 768 384 128 128 128
123 11 256 896 256 128 128 128
124 11 256 896 384 128 128 128
125 11 384 768 128 128 128 128
126 11 384 768 256 128 128 128
127 11 384 768 384 128 128 128
128 11 384 896 0 128 128 128
129 11 384 896 128 128 128 128
130 11 384 896 256 128 128 128
131 11 384 896 384 128 128 128
132 12 0 640 768 128 128 128
133 12 0 640 896 128 128 128
134 12 0 768 512 128 128 128
135 12 0 768 640 128 128 128
136 12 0 896 512 128 128 128
137 12 0 896 640 128 128 128
138 12 128 512 768 128 128 128
139 12 128 512 896 128 128 128
140 12 128 640 768 128 128 128
141 12 128 640 896 128 128 128
142 12 128 768 512 128 128 128
143 13 0 768 768 128 128 128
144 13 0 768 896 128 128 128
145 13 0 896 768 128 128 128
146 13 0 896 896 128 128 128
147 13 128 768 640 128 128 128
148 13 128 768 768 128 128 128
149 13 128 768 896 128 128 128
150 13 128 896 512 128 128 128
151 13 128 896 640 128 128 128
152 13 128 896 768 128 128 128
153 13 128 896 896 128 128 128
154 14 256 640 768 128 128 128
155 14 256 640 896 128 128 128
156 14 256 768 512 128 128 128
157 14 256 768 640 128 128 128
158 14 256 896 512 128 128 128
159 14 256 896 640 128 128 128
160 14 384 512 768 128 128 128
161 14 384 512 896 128 128 128
162 14 384 640 768 128 128 128
163 14 384 640 896 128 128 128
164 14 384 768 512 128 128 128
165 15 256 768 768 128 128 128
166 15 256 768 896 128 128 128
167 15 256 896 768 128 128 128
168 15 256 896 896 128 128 128
169 15 384 768 640 128 128 128
170 15 384 768 768 128 128 128
171 15 384 768 896 128 128 128
172 15 384 896 512 128 128 128
173 15 384 896 640 128 128 128
174 15 384 896 768 128 128 128
175 15 384 896 896 128 128 128
176 16 512 128 256 128 128 128
177 16 512 128 384 128 128 128
178 16 512 256 0 128 128 128
179 16 512 256 128 128 128 128
180 16 512 384 0 128 128 128
181 16 512 384 128 128 128 128
182 16 640 0 256 128 128 128
183 16 640 0 384 128 128 128
184 16 640 128 256 128 128 128
185 16 640 128 384 128 128 128
186 16 640 256 0 128 128 128
187 17 512 256 256 128 128 128
188 17 512 256 384 128 128 128
189 17 512 384 256 128 128 128
190 17 512 384 384 128 128 128
191 17 640 256 128 128 128 128
192 17 640 256 256 128 128 128
193 17 640 256 384 128 128 128
194 17 640 384 0 128 128 128
195 17 640 384 128 128 128 128
196 17 640 384 256 128 128 128
197 17 640 384 384 128 128 128
198 18 768 128 256 128 128 128
199 18 768 128 384 128 128 128
200 18 768 256 0 128 128 128
201 18 768 256 128 128 128 128
202 18 768 384 0 128 128 128
203 18 768 384 128 128 128 128
204 18 896 0 256 128 128 128
205 18 896 0 384 128 128 128
206 18 896 128 256 128 128 128
207 18 896 128 384 128 128 128
208 18 896 256 0 128 128 128
209 19 768 256 256 128 128 128
210 19 768 256 384 128 128 128
211 19 768 384 256 128 128 128
212 19 768 384 384 128 128 128
213 19 896 256 128 128 128 128
214 19 896 256 256 128 128 128
215 19 896 256 384 128 128 128
216 19 896 384 0 128 128 128
217 19 896 384 128 128 128 128
218 19 896 384 256 128 128 128
219 19 896 384 384 128 128 128
220 20 512 128 768 128 128 128
221 20 512 128 896 128 128 128
222 20 512 256 512 128 128 128
223 20 512 256 640 128 128 128
224 20 512 384 512 128 128 128
225 20 512 384 640 128 128 128
226 20 640 0 768 128 128 128
227 20 640 0 896 128 128 128
228 20 640 128 768 128 128 128
229 20 640 128 896 128 128 128
230 20 640 256 512 128 128 128
231 21 512 256 768 128 128 128
232 21 512 256 896 128 128 128
233 21 512 384 768 128 128 128
234 21 512 384 896 128 128 128
235 21 640 256 640 128 128 128
236 21 640 256 768 128 128 128
237 21 640 256 896 128 128 128
238 21 640 384 512 128 128 128
239 21 640 384 640 128 128 128
240 21 640 384 768 128 128 128
241 21 640 384 896 128 128 128
242 22 768 128 768 128 128 128
243 22 768 128 896 128 128 128
244 22 768 256 512 128 128 128
245 22 768 256 640 128 128 128
246 22 768 384 512 128 128 128
247 22 768 384 640 128 128 128
248 22 896 0 768 128 128 128
249 22 896 0 896 128 128 128
250 22 896 128 768 128 128 128
251 22 896 128 896 128 128 128
252 22 896 256 512 128 128 128
253 23 768 256 768 128 128 128
254 23 768 256 896 128 128 128
255 23 768 384 768 128 128 128
256 23 768 384 896 128 128 128
257 23 896 256 640 128 128 128
258 23 896 256 768 128 128 128
259 23 896 256 896 128 128 128
260 23 896 384 512 128 128 128
261 23 896 384 640 128 128 128
262 23 896 384 768 128 128 128
263 23 896 384 896 128 128 128
264 24 512 640 256 128 128 128
265 24 512 640 384 128 128 128
266 24 512 768 0 128 128 128
267 24 512 768 128 128 128 128
268 24 512 896 0 128 128 128
269 24 512 896 128 128 128 128
270 24 640 512 256 128 128 128
271 24 640 512 384 128 128 128
272 24 640 640 256 128 128 128
273 24 640 640 384 128 128 128
274 24 640 768 0 128 128 128
275 25 512 768 256 128 128 128
276 25 512 768 384 128 128 128
277 25 512 896 256 128 128 128
278 25 512 896 384 128 128 128
279 25 640 768 128 128 128 128
280 25 640 768 256 128 128 128
281 25 640 768 384 128 128 128
282 25 640 896 0 128 128 128
283 25 640 896 128 128 128 128
284 25 640 896 256 128 128 128
285 25 640 896 384 128 128 128
286 26 768 640 256 128 128 128
287 26 768 640 384 128 128 128
288 26 768 768 0 128 128 128
289 26 768 768 128 128 128 128
290 26 768 896 0 128 128 128
291 26 768 896 128 128 128 128
292 26 896 512 256 128 128 128
293 26 896 512 384 128 128 128
294 26 896 640 256 128 128 128
295 26 896 640 384 128 128 128
296 26 896 768 0 128 128 128
297 27 768 768 256 128 128 128
298 27 768 768 384 128 128 128
299 27 768 896 256 128 128 128
300 27 768 896 384 128 128 128
301 27 896 768 128 128 128 128
302 27 896 768 256 128 128 128
303 27 896 768 384 128 128 128
304 27 896 896 0 128 128 128
305 27 896 896 128 128 128 128
306 27 896 896 256 128 128 128
307 27 896 896 384 128 128 128
308 28 512 640 768 128 128 128
309 28 512 640 896 128 128 128
310 28 512 768 512 128 128 128
311 28 512 768 640 128 128 128
312 28 512 896 512 128 128 128
313 28 512 896 640 128 128 128
314 28 640 512 768 128 128 128
315 28 640 512 896 128 128 128
316 28 640 640 768 128 128 128
317 28 640 640 896 128 128 128
318 28 640 768 512 128 128 128
319 29 512 768 768 128 128 128
320 29 512 768 896 128 128 128
321 29 512 896 768 128 128 128
322 29 512 896 896 128 128 128
323 29 640 768 640 128 128 128
324 29 640 768 768 128 128 128
325 29 640 768 896 128 128 128
326 29 640 896 512 128 128 128
327 29 640 896 640 128 128 128
328 29 640 896 768 128 128 128
329 29 640 896 896 128 128 128
330 30 768 640 768 128 128 128
331 30 768 640 896 128 128 128
332 30 768 768 512 128 128 128
333 30 768 768 640 128 128 128
334 30 768 896 512 128 128 128
335 30 768 896 640 128 128 128
336 30 896 512 768 128 128 128
337 30 896 512 896 128 128 128
338 30 896 640 768 128 128 128
339 30 896 640 896 128 128 128
340 30 896 768 512 128 128 128
341 31 768 768 768 128 128 128
342 31 768 768 896 128 128 128
343 31 768 896 768 128 128 128
344 31 768 896 896 128 128 128
345 31 896 768 640 128 128 128
346 31 896 768 768 128 128 128
347 31 896 768 896 128 128 128
348 31 896 896 512 128 128 128
349 31 896 896 640 128 128 128
350 31 896 896 768 128 128 128
351 31 896 896 896 128 128 128
352 32 0 128 1280 128 128 128
353 32 0 128 1408 128 128 128
354 32 0 256 1024 128 128 128
355 32 0 256 1152 128 128 128
356 32 0 384 1024 128 128 128
357 32 0 384 1152 128 128 128
358 32 128 0 1280 128 128 128
359 32 128 0 1408 128 128 128
360 32 128 128 1280 128 128 128
361 32 128 128 1408 128 128 128
362 32 128 256 1024 128 128 128
363 33 0 256 1280 128 128 128
364 33 0 256 1408 128 128 128
365 33 0 384 1280 128 128 128
366 33 0 384 1408 128 128 128
367 33 128 256 1152 128 128 128
368 33 128 256 1280 128 128 128
369 33 128 256 1408 128 128 128
370 33 128 384 1024 128 128 128
371 33 128 384 1152 128 128 128
372 33 128 384 1280 128 128 128
373 33 128 384 1408 128 128 128
374 34 256 128 1280 128 128 128
375 34 256 128 1408 128 128 128
376 34 256 256 1024 128 128 128
377 34 256 256 1152 128 128 128
378 34 256 384 1024 128 128 128
379 34 256 384 1152 128 128 128
380 34 384 0 1280 128 128 128
381 34 384 0 1408 128 128 128
382 34 384 128 1280 128 128 128
383 34 384 128 1408 128 128 128
384 34 384 256 1024 128 128 128
385 35 256 256 1280 128 128 128
386 35 256 256 1408 128 128 128
387 35 256 384 1280 128 128 128
388 35 256 384 1408 128 128 128
389 35 384 256 1152 128 128 128
390 35 384 256 1280 128 128 128
391 35 384 256 1408 128 128 128
392 35 384 384 1024 128 128 128
393 35 384 384 1152 128 128 128
394 35 384 384 1280 128 128 128
395 35 384 384 1408 128 128 128
396 36 0 128 1792 128 128 128
397 36 0 128 1920 128 128 128
398 36 0 256 1536 128 128 128
399 36 0 256 1664 128 128 128
400 36 0 384 1536 128 128 128
401 36 0 384 1664 128 128 128
402 36 128 0 1792 128 128 128
403 36 128 0 1920 128 128 128
404 36 128 128 1792 128 128 128
405 36 128 128 1920 128 128 128
406 36 128 256 1536 128 128 128
407 37 0 256 1792 128 128 128
408 37 0 256 1920 128 128 128
409 37 0 384 1792 128 128 128
410 37 0 384 1920 128 128 128
411 37 128 256 1664 128 128 128
412 37 128 256 1792 128 128 128
413 37 128 256 1920 128 128 128
414 37 128 384 1536 128 128 128
415 37 128 384 1664 128 128 128
416 37 128 384 1792 128 128 128
417 37 128 384 1920 128 128 128
418 38 256 128 1792 128 128 128
419 38 256 128 1920 128 128 128
420 38 256 256 1536 128 128 128
421 38 256 256 1664 128 128 128
422 38 256 384 1536 128 128 128
423 38 256 384 1664 128 128 128
424 38 384 0 1792 128 128 128
425 38 384 0 1920 128 128 128
426 38 384 128 1792 128 128 128
427 38 384 128 1920 128 128 128
428 38 384 256 1536 128 128 128
429 39 256 256 1792 128 128 128
430 39 256 256 1920 128 128 128
431 39 256 384 1792 128 128 128
432 39 256 384 1920 128 128 128
433 39 384 256 1664 128 128 128
434 39 384 256 1792 128 128 128
435 39 384 256 1920 128 128 128
436 39 384 384 1536 128 128 128
437 39 384 384 1664 128 128 128
438 39 384 384 1792 128 128 128
439 39 384 384 1920 128 128 128
440 40 0 640 1280 128 128 128
441 40 0 640 1408 128 128 128
442 40 0 768 1024 128 128 128
443 40 0 768 1152 128 128 128
444 40 0 896 1024 128 128 128
445 40 0 896 1152 128 128 128
446 40 128 512 1280 128 128 128
447 40 128 512 1408 128 128 128
448 40 128 640 1280 128 128 128
449 40 128 640 1408 128 128 128
450 40 128 768 1024 128 128 128
451 41 0 768 1280 128 128 128
452 41 0 768 1408 128 128 128
453 41 0 896 1280 128 128 128
454 41 0 896 1408 128 128 128
455 41 128 768 1152 128 128 128
456 41 128 768 1280 128 128 128
457 41 128 768 1408 128 128 128
458 41 128 896 1024 128 128 128
459 41 128 896 1152 128 128 128
460 41 128 896 1280 128 128 128
461 41 128 896 1408 128 128 128
462 42 256 640 1280 128 128 128
463 42 256 640 1408 128 128 128
464 42 256 768 1024 128 128 128
465 42 256 768 1152 128 128 128
466 42 256 896 1024 128 128 128
467 42 256 896 1152 128 128 128
468 42 384 512 1280 128 128 128
469 42 384 512 1408 128 128 128
470 42 384 640 1280 128 128 128
471 42 384 640 1408 128 128 128
472 42 384 768 1024 128 128 128
473 43 256 768 1280 128 128 128
474 43 256 768 1408 128 128 128
475 43 256 896 1280 128 128 128
476 43 256 896 1408 128 128 128
477 43 384 768 1152 128 128 128
478 43 384 768 1280 128 128 128
479 43 384 768 1408 128 128 128
480 43 384 896 1024 128 128 128
481 43 384 896 1152 128 128 128
482 43 384 896 1280 128 128 128
483 43 384 896 1408 128 128 128
484 44 0 640 1792 128 128 128
485 44 0 640 1920 128 128 128
486 44 0 768 1536 128 128 128
487 44 0 768 1664 128 128 128
488 44 0 896 1536 128 128 128
489 44 0 896 1664 128 128 128
490 44 128 512 1792 128 128 128
491 44 128 512 1920 128 128 128
492 44 128 640 1792 128 128 128
493 44 128 640 1920 128 128 128
494 44 128 768 1536 128 128 128
495 45 0 768 1792 128 128 128
496 45 0 768 1920 128 128 128
497 45 0 896 1792 128 128 128
498 45 0 896 1920 128 128 128
499 45 128 768 1664 128 128 128
500 45 128 768 1792 128 128 128
501 45 128 768 1920 128 128 128
502 45 128 896 1536 128 128 128
503 45 128 896 1664 128 128 128
504 45 128 896 1792 128 128 128
505 45 128 896 1920 128 128 128
506 46 256 640 1792 128 128 128
507 46 256 640 1920 128 128 128
508 46 256 768 1536 128 128 128
509 46 256 768 1664 128 128 128
510 46 256 896 1536 128 128 128
511 46 256 896 1664 128 128 128
512 46 384 512 1792 128 128 128
513 46 384 512 1920 128 128 128
514 46 384 640 1792 128 128 128
515 46 384 640 1920 128 128 128
516 46 384 768 1536 128 128 128
517 47 256 768 1792 128 128 128
518 47 256 768 1920 128 128 128
519 47 256 896 1792 128 128 128
520 47 256 896 1920 128 128 128
521 47 384 768 1664 128 128 128
522 47 384 768 1792 128 128 128
523 47 384 768 1920 128 128 128
524 47 384 896 1536 128 128 128
525 47 384 896 1664 128 128 128
526 47 384 896 1792 128 128 128
527 47 384 896 1920 128 128 128
528 48 512 128 1280 128 128 128
529 48 512 128 1408 128 128 128
530 48 512 256 1024 128 128 128
531 48 512 256 1152 128 128 128
532 48 512 384 1024 128 128 128
533 48 512 384 1152 128 128 128
534 48 640 0 1280 128 128 128
535 48 640 0 1408 128 128 128
536 48 640 128 1280 128 128 128
537 48 640 128 1408 128 128 128
538 48 640 256 1024 128 128 128
539 49 512 256 1280 128 128 128
540 49 512 256 1408 128 128 128
541 49 512 384 1280 128 128 128
542 49 512 384 1408 128 128 128
543 49 640 256 1152 128 128 128
544 49 640 256 1280 128 128 128
545 49 640 256 1408 128 128 128
546 49 640 384 1024 128 128 128
547 49 640 384 1152 128 128 128
548 49 640 384 1280 128 128 128
549 49 640 384 1408 128 128 128
550 50 768 128 1280 128 128 128
551 50 768 128 1408 128 128 128
552 50 768 256 1024 128 128 128
553 50 768 256 1152 128 128 128
554 50 768 384 1024 128 128 128
555 50 768 384 1152 128 128 128
556 50 896 0 1280 128 128 128
557 50 896 0 1408 128 128 128
558 50 896 128 1280 128 128 128
559 50 896 128 1408 128 128 128
560 50 896 256 1024 128 128 128
561 51 768 256 1280 128 128 128
562 51 768 256 1408 128 128 128
563 51 768 384 1280 128 128 128
564 51 768 384 1408 128 128 128
565 51 896 256 1152 128 128 128
566 51 896 256 1280 128 128 128
567 51 896 256 1408 128 128 128
568 51 896 384 1024 128 128 128
569 51 896 384 1152 128 128 128
570 51 896 384 1280 128 128 128
571 51 896 384 1408 128 128 128
572 52 512 128 1792 128 128 128
573 52 512 128 1920 128 128 128
574 52 512 256 1536 128 128 128
575 52 512 256 1664 128 128 128
576 52 512 384 1536 128 128 128
577 52 512 384 1664 128 128 128
578 52 640 0 1792 128 128 128
579 52 640 0 1920 128 128 128
580 52 640 128 1792 128 128 128
581 52 640 128 1920 128 128 128
582 52 640 256 1536 128 128 128
583 53 512 256 1792 128 128 128
584 53 512 256 1920 128 128 128
585 53 512 384 1792 128 128 128
586 53 512 384 1920 128 128 128
587 53 640 256 1664 128 128 128
588 53 640 256 1792 128 128 128
589 53 640 256 1920 128 128 128
590 53 640 384 1536 128 128 128
591 53 640 384 1664 128 128 128
592 53 640 384 1792 128 128 128
593 53 640 384 1920 128 128 128
594 54 768 128 1792 128 128 128
595 54 768 128 1920 128 128 128
596 54 768 256 1536 128 128 128
597 54 768 256 1664 128 128 128
598 54 768 384 1536 128 128 128
599 54 768 384 1664 128 128 128
600 54 896 0 1792 128 128 128
601 54 896 0 1920 128 128 128
602 54 896 128 1792 128 128 128
603 54 896 128 1920 128 128 128
604 54 896 256 1536 128 128 128
605 55 768 256 1792 128 128 128
606 55 768 256 1920 128 128 128
607 55 768 384 1792 128 128 128
608 55 768 384 1920 128 128 128
609 55 896 256 1664 128 128 128
610 55 896 256 1792 128 128 128
611 55 896 256 1920 128 128 128
612 55 896 384 1536 128 128 128
613 55 896 384 1664 128 128 128
614 55 896 384 1792 128 128 128
615 55 896 384 1920 128 128 128
616 56 512 640 1280 128 128 128
617 56 512 640 1408 128 128 128
618 56 512 768 1024 128 128 128
619 56 512 768 1152 128 128 128
620 56 512 896 1024 128 128 128
621 56 512 896 1152 128 128 128
622 56 640 512 1280 128 128 128
623 56 640 512 1408 128 128 128
624 56 640 640 1280 128 128 128
625 56 640 640 1408 128 128 128
626 56 640 768 1024 128 128 128
627 57 512 768 1280 128 128 128
628 57 512 768 1408 128 128 128
629 57 512 896 1280 128 128 128
630 57 512 896 1408 128 128 128
631 57 640 768 1152 128 128 128
632 57 640 768 1280 128 128 128
633 57 640 768 1408 128 128 128
634 57 640 896 1024 128 128 128
635 57 640 896 1152 128 128 128
636 57 640 896 1280 128 128 128
637 57 640 896 1408 128 128 128
638 58 768 640 1280 128 128 128
639 58 768 640 1408 128 128 128
640 58 768 768 1024 128 128 128
641 58 768 768 1152 128 128 128
642 58 768 896 1024 128 128 128
643 58 768 896 1152 128 128 128
644 58 896 512 1280 128 128 128
645 58 896 512 1408 128 128 128
646 58 896 640 1280 128 128 128
647 58 896 640 1408 128 128 128
648 58 896 768 1024 128 128 128
649 59 768 768 1280 128 128 128
650 59 768 768 1408 128 128 128
651 59 768 896 1280 128 128 128
652 59 768 896 1408 128 128 128
653 59 896 768 1152 128 128 128
654 59 896 768 1280 128 128 128
655 59 896 768 1408 128 128 128
656 59 896 896 1024 128 128 128
657 59 896 896 1152 128 128 128
658 59 896 896 1280 128 128 128
659 59 896 896 1408 128 128 128
660 60 512 640 1792 128 128 128
661 60 512 640 1920 128 128 128
662 60 512 768 1536 128 128 128
663 60 512 768 1664 128 128 128
664 60 512 896 1536 128 128 128
665 60 512 896 1664 128 128 128
666 60 640 512 1792 128 128 128
667 60 640 512 1920 128 128 128
668 60 640 640 1792 128 128 128
669 60 640 640 1920 128 128 128
670 60 640 768 1536 128 128 128
671 61 512 768 1792 128 128 128
672 61 512 768 1920 128 128 128
673 61 512 896 1792 128 128 128
674 61 512 896 1920 128 128 128
675 61 640 768 1664 128 128 128
676 61 640 768 1792 128 128 128
677 61 640 768 1920 128 128 128
678 61 640 896 1536 128 128 128
679 61 640 896 1664 128 128 128
680 61 640 896 1792 128 128 128
681 61 640 896 1920 128 128 128
682 62 768 640 1792 128 128 128
683 62 768 640 1920 128 128 128
684 62 768 768 1536 128 128 128
685 62 768 768 1664 128 128 128
686 62 768 896 1536 128 128 128
687 62 768 896 1664 128 128 128
688 62 896 512 1792 128 128 128
689 62 896 512 1920 128 128 128
690 62 896 640 1792 128 128 128
691 62 896 640 1920 128 128 128
692 62 896 768 1536 128 128 128
693 63 768 768 1792 128 128 128
694 63 768 768 1920 128 128 128
695 63 768 896 1792 128 128 128
696 63 768 896 1920 128 128 128
697 63 896 768 1664 128 128 128
698 63 896 768 1792 128 128 128
699 63 896 768 1920 128 128 128
700 63 896 896 1536 128 128 128
701 63 896 896 1664 128 128 128
702 63 896 896 1792 128 128 128
703 63 896 896 1920 128 128 128
704 64 0 1152 256 128 128 128
705 64 0 1152 384 128 128 128
706 64 0 1280 0 128 128 128
707 64 0 1280 128 128 128 128
708 64 0 1408 0 128 128 128
709 64 0 1408 128 128 128 128
710 64 128 1024 256 128 128 128
711 64 128 1024 384 128 128 128
712 64 128 1152 256 128 128 128
713 64 128 1152 384 128 128 128
714 64 128 1280 0 128 128 128
715 65 0 1280 256 128 128 128
716 65 0 1280 384 128 128 128
717 65 0 1408 256 128 128 128
718 65 0 1408 384 128 128 128
719 65 128 1280 128 128 128 128
720 65 128 1280 256 128 128 128
721 65 128 1280 384 128 128 128
722 65 128 1408 0 128 128 128
723 65 128 1408 128 128 128 128
724 65 128 1408 256 128 128 128
725 65 128 1408 384 128 128 128
726 66 256 1152 256 128 128 128
727 66 256 1152 384 128 128 128
728 66 256 1280 0 128 128 128
729 66 256 1280 128 128 128 128
730 66 256 1408 0 128 128 128
731 66 256 1408 128 128 128 128
732 66 384 1024 256 128 128 128
733 66 384 1024 384 128 128 128
734 66 384 1152 256 128 128 128
735 66 384 1152 384 128 128 128
736 66 384 1280 0 128 128 128
737 67 256 1280 256 128 128 128
738 67 256 1280 384 128 128 128
739 67 256 1408 256 128 128 128
740 67 256 1408 384 128 128 128
741 67 384 1280 128 128 128 128
742 67 384 1280 256 128 128 128
743 67 384 1280 384 128 128 128
744 67 384 1408 0 128 128 128
745 67 384 1408 128 128 128 128
746 67 384 1408 256 128 128 128
747 67 384 1408 384 128 128 128
748 68 0 1152 768 128 128 128
749 68 0 1152 896 128 128 128
750 68 0 1280 512 128 128 128
751 68 0 1280 640 128 128 128
752 68 0 1408 512 128 128 128
753 68 0 1408 640 128 128 128
754 68 128 1024 768 128 128 128
755 68 128 1024 896 128 128 128
756 68 128 1152 768 128 128 128
757 68 128 1152 896 128 128 128
758 68 128 1280 512 128 128 128
759 69 0 1280 768 128 128 128
760 69 0 1280 896 128 128 128
761 69 0 1408 768 128 128 128
762 69 0 1408 896 128 128 128
763 69 128 1280 640 128 128 128
764 69 128 1280 768 128 128 128
765 69 128 1280 896 128 128 128
766 69 128 1408 512 128 128 128
767 69 128 1408 640 128 128 128
768 69 128 1408 768 128 128 128
769 69 128 1408 896 128 128 128
770 70 256 1152 768 128 128 128
771 70 256 1152 896 128 128 128
772 70 256 1280 512 128 128 128
773 70 256 1280 640 128 128 128
774 70 256 1408 512 128 128 128
775 70 256 1408 640 128 128 128
776 70 384 1024 768 128 128 128
777 70 384 1024 896 128 128 128
778 70 384 1152 768 128 128 128
779 70 384 1152 896 128 128 128
780 70 384 1280 512 128 128 128
781 71 256 1280 768 128 128 128
782 71 256 1280 896 128 128 128
783 71 256 1408 768 128 128 128
784 71 256 1408 896 128 128 128
785 71 384 1280 640 128 128 128
786 71 384 1280 768 128 128 128
787 71 384 1280 896 128 128 128
788 71 384 1408 512 128 128 128
789 71 384 1408 640 128 128 128
790 71 384 1408 768 128 128 128
791 71 384 1408 896 128 128 128
792 72 0 1664 256 128 128 128
793 72 0 1664 384 128 128 128
794 72 0 1792 0 128 128 128
795 72 0 1792 128 128 128 128
796 72 0 1920 0 128 128 128
797 72 0 1920 128 128 128 128
798 72 128 1536 256 128 128 128
799 72 128 1536 384 128 128 128
800 72 128 1664 256 128 128 128
801 72 128 1664 384 128 128 128
802 72 128 1792 0 128 128 128
803 73 0 1792 256 128 128 128
804 73 0 1792 384 128 128 128
805 73 0 1920 256 128 128 128
806 73 0 1920 384 128 128 128
807 73 128 1792 128 128 128 128
808 73 128 1792 256 128 128 128
809 73 128 1792 384 128 128 128
810 73 128 1920 0 128 128 128
811 73 128 1920 128 128 128 128
812 73 128 1920 256 128 128 128
813 73 128 1920 384 128 128 128
814 74 256 1664 256 128 128 128
815 74 256 1664 384 128 128 128
816 74 256 1792 0 128 128 128
817 74 256 1792 128 128 128 128
818 74 256 1920 0 128 128 128
819 74 256 1920 128 128 128 128
820 74 384 1536 256 128 128 128
821 74 384 1536 384 128 128 128
822 74 384 1664 256 128 128 128
823 74 384 1664 384 128 128 128
824 74 384 1792 0 128 128 128
825 75 256 1792 256 128 128 128
826 75 256 1792 384 128 128 128
827 75 256 1920 256 128 128 128
828 75 256 1920 384 128 128 128
829 75 384 1792 128 128 128 128
830 75 384 1792 256 128 128 128
831 75 384 1792 384 128 128 128
832 75 384 1920 0 128 128 128
833 75 384 1920 128 128 128 128
834 75 384 1920 256 128 128 128
835 75 384 1920 384 128 128 128
836 76 0 1664 768 128 128 128
837 76 0 1664 896 128 128 128
838 76 0 1792 512 128 128 128
839 76 0 1792 640 128 128 128
840 76 0 1920 512 128 128 128
841 76 0 1920 640 128 128 128
842 76 128 1536 768 128 128 128
843 76 128 1536 896 128 128 128
844 76 128 1664 768 128 128 128
845 76 128 1664 896 128 128 128
846 76 128 1792 512 128 128 128
847 77 0 1792 768 128 128 128
848 77 0 1792 896 128 128 128
849 77 0 1920 768 128 128 128
850 77 0 1920 896 128 128 128
851 77 128 1792 640 128 128 128
852 77 128 1792 768 128 128 128
853 77 128 1792 896 128 128 128
854 77 128 1920 512 128 128 128
855 77 128 1920 640 128 128 128
856 77 128 1920 768 128 128 128
857 77 128 1920 896 128 128 128
858 78 256 1664 768 128 128 128
859 78 256 1664 896 128 128 128
860 78 256 1792 512 128 128 128
861 78 256 1792 640 128 128 128
862 78 256 1920 512 128 128 128
863 78 256 1920 640 128 128 128
864 78 384 1536 768 128 128 128
865 78 384 1536 896 128 128 128
866 78 384 1664 768 128 128 128
867 78 384 1664 896 128 128 128
868 78 384 1792 512 128 128 128
869 79 256 1792 768 128 128 128
870 79 256 1792 896 128 128 128
871 79 256 1920 768 128 128 128
872 79 256 1920 896 128 128 128
873 79 384 1792 640 128 128 128
874 79 384 1792 768 128 128 128
875 79 384 1792 896 128 128 128
876 79 384 1920 512 128 128 128
877 79 384 1920 640 128 128 128
878 79 384 1920 768 128 128 128
879 79 384 1920 896 128 128 128
880 80 512 1152 256 128 128 128
881 80 512 1152 384 128 128 128
882 80 512 1280 0 128 128 128
883 80 512 1280 128 128 128 128
884 80 512 1408 0 128 128 128
885 80 512 1408 128 128 128 128
886 80 640 1024 256 128 128 128
887 80 640 1024 384 128 128 128
888 80 640 1152 256 128 128 128
889 80 640 1152 384 128 128 128
890 80 640 1280 0 128 128 128
891 81 512 1280 256 128 128 128
892 81 512 1280 384 128 128 128
893 81 512 1408 256 128 128 128
894 81 512 1408 384 128 128 128
895 81 640 1280 128 128 128 128
896 81 640 1280 256 128 128 128
897 81 640 1280 384 128 128 128
898 81 640 1408 0 128 128 128
899 81 640 1408 128 128 128 128
900 81 640 1408 256 128 128 128
901 81 640 1408 384 128 128 128
902 82 768 1152 256 128 128 128
903 82 768 1152 384 128 128 128
904 82 768 1280 0 128 128 128
905 82 768 1280 128 128 128 128
906 82 768 1408 0 128 128 128
907 82 768 1408 128 128 128 128
908 82 896 1024 256 128 128 128
909 82 896 1024 384 128 128 128
910 82 896 1152 256 128 128 128
911 82 896 1152 384 128 128 128
912 82 896 1280 0 128 128 128
913 83 768 1280 256 128 128 128
914 83 768 1280 384 128 128 128
915 83 768 1408 256 128 128 128
916 83 768 1408 384 128 128 128
917 83 896 1280 128 128 128 128
918 83 896 1280 256 128 128 128
919 83 896 1280 384 128 128 128
920 83 896 1408 0 128 128 128
921 83 896 1408 128 128 128 128
922 83 896 1408 256 128 128 128
923 83 896 1408 384 128 128 128
924 84 512 1152 768 128 128 128
925 84 512 1152 896 128 128 128
926 84 512 1280 512 128 128 128
927 84 512 1280 640 128 128 128
928 84 512 1408 512 128 128 128
929 84 512 1408 640 128 128 128
930 84 640 1024 768 128 128 128
931 84 640 1024 896 128 128 128
932 84 640 1152 768 128 128 128
933 84 640 1152 896 128 128 128
934 84 640 1280 512 128 128 128
935 85 512 1280 768 128 128 128
936 85 512 1280 896 128 128 128
937 85 512 1408 768 128 128 128
938 85 512 1408 896 128 128 128
939 85 640 1280 640 128 128 128
940 85 640 1280 768 128 128 128
941 85 640 1280 896 128 128 128
942 85 640 1408 512 128 128 128
943 85 640 1408 640 128 128 128
944 85 640 1408 768 128 128 128
945 85 640 1408 896 128 128 128
946 86 768 1152 768 128 128 128
947 86 768 1152 896 128 128 128
948 86 768 1280 512 128 128 128
949 86 768 1280 640 128 128 128
950 86 768 1408 512 128 128 128
951 86 768 1408 640 128 128 128
952 86 896 1024 768 128 128 128
953 86 896 1024 896 128 128 128
954 86 896 1152 768 128 128 128
955 86 896 1152 896 128 128 128
956 86 896 1280 512 128 128 128
957 87 768 1280 768 128 128 128
958 87 768 1280 896 128 128 128
959 87 768 1408 768 128 128 128
960 87 768 1408 896 128 128 128
961 87 896 1280 640 128 128 128
962 87 896 1280 768 128 128 128
963 87 896 1280 896 128 128 128
964 87 896 1408 512 128 128 128
965 87 896 1408 640 128 128 128
966 87 896 1408 768 128 128 128
967 87 896 1408 896 128 128 128
968 88 512 1664 256 128 128 128
969 88 512 1664 384 128 128 128
970 88 512 1792 0 128 128 128
971 88 512 1792 128 128 128 128
972 88 512 1920 0 128 128 128
973 88 512 1920 128 128 128 128
974 88 640 1536 256 128 128 128
975 88 640 1536 384 128 128 128
976 88 640 1664 256 128 128 128
977 88 640 1664 384 128 128 128
978 88 640 1792 0 128 128 128
979 89 512 1792 256 128 128 128
980 89 512 1792 384 128 128 128
981 89 512 1920 256 128 128 128
982 89 512 1920 384 128 128 128
983 89 640 1792 128 128 128 128
984 89 640 1792 256 128 128 128
985 89 640 1792 384 128 128 128
986 89 640 1920 0 128 128 128
987 89 640 1920 128 128 128 128
988 89 640 1920 256 128 128 128
989 89 640 1920 384 128 128 128
990 90 768 1664 256 128 128 128
991 90 768 1664 384 128 128 128
992 90 768 1792 0 128 128 128
993 90 768 1792 128 128 128 128
994 90 768 1920 0 128 128 128
995 90 768 1920 128 128 128 128
996 90 896 1536 256 128 128 128
997 90 896 1536 384 128 128 128
998 90 896 1664 256 128 128 128
999 90 896 1664 384 128 128 128
1000 90 896 1792 0 128 128 128
1001 91 768 1792 256 128 128 128
1002 91 768 1792 384 128 128 128
1003 91 768 1920 256 128 128 128
1004 91 768 1920 384 128 128 128
1005 91 896 1792 128 128 128 128
1006 91 896 1792 256 128 128 128
1007 91 896 1792 384 128 128 128
1008 91 896 1920 0 128 128 128
1009 91 896 1920 128 128 128 128
1010 91 896 1920 256 128 128 128
1011 91 896 1920 384 128 128 128
1012 92 512 1664 768 128 128 128
1013 92 512 1664 896 128 128 128
1014 92 512 1792 512 128 128 128
1015 92 512 1792 640 128 128 128
1016 92 512 1920 512 128 128 128
1017 92 512 1920 640 128 128 128
1018 92 640 1536 768 128 128 128
1019 92 640 1536 896 128 128 128
1020 92 640 1664 768 128 128 128
1021 92 640 1664 896 128 128 128
1022 92 640 1792 512 128 128 128
1023 93 512 1792 768 128 128 128
1024 93 512 1792 896 128 128 128
1025 93 512 1920 768 128 128 128
1026 93 512 1920 896 128 128 128
1027 93 640 1792 640 128 128 128
1028 93 640 1792 768 128 128 128
1029 93 640 1792 896 128 128 128
1030 93 640 1920 512 128 128 128
1031 93 640 1920 640 128 128 128
1032 93 640 1920 768 128 128 128
1033 93 640 1920 896 128 128 128
1034 94 768 1664 768 128 128 128
1035 94 768 1664 896 128 128 128
1036 94 768 1792 512 128 128 128
1037 94 768 1792 640 128 128 128
1038 94 768 1920 512 128 128 128
1039 94 768 1920 640 128 128 128
1040 94 896 1536 768 128 128 128
1041 94 896 1536 896 128 128 128
1042 94 896 1664 768 128 128 128
1043 94 896 1664 896 128 128 128
1044 94 896 1792 512 128 128 128
1045 95 768 1792 768 128 128 128
1046 95 768 1792 896 128 128 128
1047 95 768 1920 768 128 128 128
1048 95 768 1920 896 128 128 128
1049 95 896 1792 640 128 128 128
1050 95 896 1792 768 128 128 128
1051 95 896 1792 896 128 128 128
1052 95 896 1920 512 128 128 128
1053 95 896 1920 640 128 128 128
1054 95 896 1920 768 128 128 128
1055 95 896 1920 896 128 128 128
1056 96 0 1152 1280 128 128 128
1057 96 0 1152 1408 128 128 128
1058 96 0 1280 1024 128 128 128
1059 96 0 1280 1152 128 128 128
1060 96 0 1408 1024 128 128 128
1061 96 0 1408 1152 128 128 128
1062 96 128 1024 1280 128 128 128
1063 96 128 1024 1408 128 128 128
1064 96 128 1152 1280 128 128 128
1065 96 128 1152 1408 128 128 128
1066 96 128 1280 1024 128 128 128
1067 97 0 1280 1280 128 128 128
1068 97 0 1280 1408 128 128 128
1069 97 0 1408 1280 128 128 128
1070 97 0 1408 1408 128 128 128
1071 97 128 1280 1152 128 128 128
1072 97 128 1280 1280 128 128 128
1073 97 128 1280 1408 128 128 128
1074 97 128 1408 1024 128 128 128
1075 97 128 1408 1152 128 128 128
1076 97 128 1408 1280 128 128 128
1077 97 128 1408 1408 128 128 128
1078 98 256 1152 1280 128 128 128
1079 98 256 1152 1408 128 128 128
1080 98 256 1280 1024 128 128 128
1081 98 256 1280 1152 128 128 128
1082 98 256 1408 1024 128 128 128
1083 98 256 1408 1152 128 128 128
1084 98 384 1024 1280 128 128 128
1085 98 384 1024 1408 128 128 128
1086 98 384 1152 1280 128 128 128
1087 98 384 1152 1408 128 128 128
1088 98 384 1280 1024 128 128 128
1089 99 256 1280 1280 128 128 128
1090 99 256 1280 1408 128 128 128
1091 99 256 1408 1280 128 128 128
1092 99 256 1408 1408 128 128 128
1093 99 384 1280 1152 128 128 128
1094 99 384 1280 1280 128 128 128
1095 99 384 1280 1408 128 128 128
1096 99 384 1408 1024 128 128 128
1097 99 384 1408 1152 128 128 128
1098 99 384 1408 1280 128 128 128
1099 99 384 1408 1408 128 128 128
1100 100 0 1152 1792 128 128 128
1101 100 0 1152 1920 128 128 128
1102 100 0 1280 1536 128 128 128
1103 100 0 1280 1664 128 128 128
1104 100 0 1408 1536 128 128 128
1105 100 0 1408 1664 128 128 128
1106 100 128 1024 1792 128 128 128
1107 100 128 1024 1920 128 128 128
1108 100 128 1152 1792 128 128 128
1109 100 128 1152 1920 128 128 128
1110 100 128 1280 1536 128 128 128
1111 101 0 1280 1792 128 128 128
1112 101 0 1280 1920 128 128 128
1113 101 0 1408 1792 128 128 128
1114 101 0 1408 1920 128 128 128
1115 101 128 1280 1664 128 128 128
1116 101 128 1280 1792 128 128 128
1117 101 128 1280 1920 128 128 128
1118 101 128 1408 1536 128 128 128
1119 101 128 1408 1664 128 128 128
1120 101 128 1408 1792 128 128 128
1121 101 128 1408 1920 128 128 128
1122 102 256 1152 1792 128 128 128
1123 102 256 1152 1920 128 128 128
1124 102 256 1280 1536 128 128 128
1125 102 256 1280 1664 128 128 128
1126 102 256 1408 1536 128 128 128
1127 102 256 1408 1664 128 128 128
1128 102 384 1024 1792 128 128 128
1129 102 384 1024 1920 128 128 128
1130 102 384 1152 1792 128 128 128
1131 102 384 1152 1920 128 128 128
1132 102 384 1280 1536 128 128 128
1133 103 256 1280 1792 128 128 128
1134 103 256 1280 1920 128 128 128
1135 103 256 1408 1792 128 128 128
1136 103 256 1408 1920 128 128 128
1137 103 384 1280 1664 128 128 128
1138 103 384 1280 1792 128 128 128
1139 103 384 1280 1920 128 128 128
1140 103 384 1408 1536 128 128 128
1141 103 384 1408 1664 128 128 128
1142 103 384 1408 1792 128 128 128
1143 103 384 1408 1920 128 128 128
1144 104 0 1664 1280 128 128 128
1145 104 0 1664 1408 128 128 128
1146 104 0 1792 1024 128 128 128
1147 104 0 1792 1152 128 128 128
1148 104 0 1920 1024 128 128 128
1149 104 0 1920 1152 128 128 128
1150 104 128 1536 1280 128 128 128
1151 104 128 1536 1408 128 128 128
1152 104 128 1664 1280 128 128 128
1153 104 128 1664 1408 128 128 128
1154 104 128 1792 1024 128 128 128
1155 105 0 1792 1280 128 128 128
1156 105 0 1792 1408 128 128 128
1157 105 0 1920 1280 128 128 128
1158 105 0 1920 1408 128 128 128
1159 105 128 1792 1152 128 128 128
1160 105 128 1792 1280 128 128 128
1161 105 128 1792 1408 128 128 128
1162 105 128 1920 1024 128 128 128
1163 105 128 1920 1152 128 128 128
1164 105 128 1920 1280 128 128 128
1165 105 128 1920 1408 128 128 128
1166 106 256 1664 1280 128 128 128
1167 106 256 1664 1408 128 128 128
1168 106 256 1792 1024 128 128 128
1169 106 256 1792 1152 128 128 128
1170 106 256 1920 1024 128 128 128
1171 106 256 1920 1152 128 128 128
1172 106 384 1536 1280 128 128 128
1173 106 384 1536 1408 128 128 128
1174 106 384 1664 1280 128 128 128
1175 106 384 1664 1408 128 128 128
1176 106 384 1792 1024 128 128 128
1177 107 256 1792 1280 128 128 128
1178 107 256 1792 1408 128 128 128
1179 107 256 1920 1280 128 128 128
1180 107 256 1920 1408 128 128 128
1181 107 384 1792 1152 128 128 128
1182 107 384 1792 1280 128 128 128
1183 107 384 1792 1408 128 128 128
1184 107 384 1920 1024 128 128 128
1185 107 384 1920 1152 128 128 128
1186 107 384 1920 1280 128 128 128
1187 107 384 1920 1408 128 128 128
1188 108 0 1664 1792 128 128 128
1189 108 0 1664 1920 128 128 128
1190 108 0 1792 1536 128 128 128
1191 108 0 1792 1664 128 128 128
1192 108 0 1920 1536 128 128 128
1193 108 0 1920 1664 128 128 128
1194 108 128 1536 1792 128 128 128
1195 108 128 1536 1920 128 128 128
1196 108 128 1664 1792 128 128 128
1197 108 128 1664 1920 128 128 128
1198 108 128 1792 1536 128 128 128
1199 109 0 1792 1792 128 128 128
1200 109 0 1792 1920 128 128 128
1201 109 0 1920 1792 128 128 128
1202 109 0 1920 1920 128 128 128
1203 109 128 1792 1664 128 128 128
1204 109 128 1792 1792 128 128 128
1205 109 128 1792 1920 128 128 128
1206 109 128 1920 1536 128 128 128
1207 109 128 1920 1664 128 128 128
1208 109 128 1920 1792 128 128 128
1209 109 128 1920 1920 128 128 128
1210 110 256 1664 1792 128 128 128
1211 110 256 1664 1920 128 128 128
1212 110 256 1792 1536 128 128 128
1213 110 256 1792 1664 128 128 128
1214 110 256 1920 1536 128 128 128
1215 110 256 1920 1664 128 128 128
1216 110 384 1536 1792 128 128 128
1217 110 384 1536 1920 128 128 128
1218 110 384 1664 1792 128 128 128
1219 110 384 1664 1920 128 128 128
1220 110 384 1792 1536 128 128 128
1221 111 256 1792 1792 128 128 128
1222 111 256 1792 1920 128 128 128
1223 111 256 1920 1792 128 128 128
1224 111 256 1920 1920 128 128 128
1225 111 384 1792 1664 128 128 128
1226 111 384 1792 1792 128 128 128
1227 111 384 1792 1920 128 128 128
1228 111 384 1920 1536 128 128 128
1229 111 384 1920 1664 128 128 128
1230 111 384 1920 1792 128 128 128
1231 111 384 1920 1920 128 128 128
1232 112 512 1152 1280 128 128 128
1233 112 512 1152 1408 128 128 128
1234 112 512 1280 1024 128 128 128
1235 112 512 1280 1152 128 128 128
1236 112 512 1408 1024 128 128 128
1237 112 512 1408 1152 128 128 128
1238 112 640 1024 1280 128 128 128
1239 112 640 1024 1408 128 128 128
1240 112 640 1152 1280 128 128 128
1241 112 640 1152 1408 128 128 128
1242 112 640 1280 1024 128 128 128
1243 113 512 1280 1280 128 128 128
1244 113 512 1280 1408 128 128 128
1245 113 512 1408 1280 128 128 128
1246 113 512 1408 1408 128 128 128
1247 113 640 1280 1152 128 128 128
1248 113 640 1280 1280 128 128 128
1249 113 640 1280 1408 128 128 128
1250 113 640 1408 1024 128 128 128
1251 113 640 1408 1152 128 128 128
1252 113 640 1408 1280 128 128 128
1253 113 640 1408 1408 128 128 128
1254 114 768 1152 1280 128 128 128
1255 114 768 1152 1408 128 128 128
1256 114 768 1280 1024 128 128 128
1257 114 768 1280 1152 128 128 128
1258 114 768 1408 1024 128 128 128
1259 114 768 1408 1152 128 128 128
1260 114 896 1024 1280 128 128 128
1261 114 896 1024 1408 128 128 128
1262 114 896 1152 1280 128 128 128
1263 114 896 1152 1408 128 128 128
1264 114 896 1280 1024 128 128 128
1265 115 768 1280 1280 128 128 128
1266 115 768 1280 1408 128 128 128
1267 115 768 1408 1280 128 128 128
1268 115 768 1408 1408 128 128 128
1269 115 896 1280 1152 128 128 128
1270 115 896 1280 1280 128 128 128
1271 115 896 1280 1408 128 128 128
1272 115 896 1408 1024 128 128 128
1273 115 896 1408 1152 128 128 128
1274 115 896 1408 1280 128 128 128
1275 115 896 1408 1408 128 128 128
1276 116 512 1152 1792 128 128 128
1277 116 512 1152 1920 128 128 128
1278 116 512 1280 1536 128 128 128
1279 116 512 1280 1664 128 128 128
1280 116 512 1408 1536 128 128 128
1281 116 512 1408 1664 128 128 128
1282 116 640 1024 1792 128 128 128
1283 116 640 1024 1920 128 128 128
1284 116 640 1152 1792 128 128 128
1285 116 640 1152 1920 128 128 128
1286 116 640 1280 1536 128 128 128
1287 117 512 1280 1792 128 128 128
1288 117 512 1280 1920 128 128 128
1289 117 512 1408 1792 128 128 128
1290 117 512 1408 1920 128 128 128
1291 117 640 1280 1664 128 128 128
1292 117 640 1280 1792 128 128 128
1293 117 640 1280 1920 128 128 128
1294 117 640 1408 1536 128 128 128
1295 117 640 1408 1664 128 128 128
1296 117 640 1408 1792 128 128 128
1297 117 640 1408 1920 128 128 128
1298 118 768 1152 1792 128 128 128
1299 118 768 1152 1920 128 128 128
1300 118 768 1280 1536 128 128 128
1301 118 768 1280 1664 128 128 128
1302 118 768 1408 1536 128 128 128
1303 118 768 1408 1664 128 128 128
1304 118 896 1024 1792 128 128 128
1305 118 896 1024 1920 128 128 128
1306 118 896 1152 1792 128 128 128
1307 118 896 1152 1920 128 128 128
1308 118 896 1280 1536 128 128 128
1309 119 768 1280 1792 128 128 128
1310 119 768 1280 1920 128 128 128
1311 119 768 1408 1792 128 128 128
1312 119 768 1408 1920 128 128 128
1313 119 896 1280 1664 128 128 128
1314 119 896 1280 1792 128 128 128
1315 119 896 1280 1920 128 128 128
1316 119 896 1408 1536 128 128 128
1317 119 896 1408 1664 128 128 128
1318 119 896 1408 1792 128 128 128
1319 119 896 1408 1920 128 128 128
1320 120 512 1664 1280 128 128 128
1321 120 512 1664 1408 128 128 128
1322 120 512 1792 1024 128 128 128
1323 120 512 1792 1152 128 128 128
1324 120 512 1920 1024 128 128 128
1325 120 512 1920 1152 128 128 128
1326 120 640 1536 1280 128 128 128
1327 120 640 1536 1408 128 128 128
1328 120 640 1664 1280 128 128 128
1329 120 640 1664 1408 128 128 128
1330 120 640 1792 1024 128 128 128
1331 121 512 1792 1280 128 128 128
1332 121 512 1792 1408 128 128 128
1333 121 512 1920 1280 128 128 128
1334 121 512 1920 1408 128 128 128
1335 121 640 1792 1152 128 128 128
1336 121 640 1792 1280 128 128 128
1337 121 640 1792 1408 128 128 128
1338 121 640 1920 1024 128 128 128
1339 121 640 1920 1152 128 128 128
1340 121 640 1920 1280 128 128 128
1341 121 640 1920 1408 128 128 128
1342 122 768 1664 1280 128 128 128
1343 122 768 1664 1408 128 128 128
1344 122 768 1792 1024 128 128 128
1345 122 768 1792 1152 128 128 128
1346 122 768 1920 1024 128 128 128
1347 122 768 1920 1152 128 128 128
1348 122 896 1536 1280 128 128 128
1349 122 896 1536 1408 128 128 128
1350 122 896 1664 1280 128 128 128
1351 122 896 1664 1408 128 128 128
1352 122 896 1792 1024 128 128 128
1353 123 768 1792 1280 128 128 128
1354 123 768 1792 1408 128 128 128
1355 123 768 1920 1280 128 128 128
1356 123 768 1920 1408 128 128 128
1357 123 896 1792 1152 128 128 128
1358 123 896 1792 1280 128 128 128
1359 123 896 1792 1408 128 128 128
1360 123 896 1920 1024 128 128 128
1361 123 896 1920 1152 128 128 128
1362 123 896 1920 1280 128 128 128
1363 123 896 1920 1408 128 128 128
1364 124 512 1664 1792 128 128 128
1365 124 512 1664 1920 128 128 128
1366 124 512 1792 1536 128 128 128
1367 124 512 1792 1664 128 128 128
1368 124 512 1920 1536 128 128 128
1369 124 512 1920 1664 128 128 128
1370 124 640 1536 1792 128 128 128
1371 124 640 1536 1920 128 128 128
1372 124 640 1664 1792 128 128 128
1373 124 640 1664 1920 128 128 128
1374 124 640 1792 1536 128 128 128
1375 125 512 1792 1792 128 128 128
1376 125 512 1792 1920 128 128 128
1377 125 512 1920 1792 128 128 128
1378 125 512 1920 1920 128 128 128
1379 125 640 1792 1664 128 128 128
1380 125 640 1792 1792 128 128 128
1381 125 640 1792 1920 128 128 128
1382 125 640 1920 1536 128 128 128
1383 125 640 1920 1664 128 128 128
1384 125 640 1920 1792 128 128 128
1385 125 640 1920 1920 128 128 128
1386 126 768 1664 1792 128 128 128
1387 126 768 1664 1920 128 128 128
1388 126 768 1792 1536 128 128 128
1389 126 768 1792 1664 128 128 128
1390 126 768 1920 1536 128 128 128
1391 126 768 1920 1664 128 128 128
1392 126 896 1536 1792 128 128 128
1393 126 896 1536 1920 128 128 128
1394 126 896 1664 1792 128 128 128
1395 126 896 1664 1920 128 128 128
1396 126 896 1792 1536 128 128 128
1397 127 768 1792 1792 128 128 128
1398 127 768 1792 1920 128 128 128
1399 127 768 1920 1792 128 128 128
1400 127 768 1920 1920 128 128 128
1401 127 896 1792 1664 128 128 128
1402 127 896 1792 1792 128 128 128
1403 127 896 1792 1920 128 128 128
1404 127 896 1920 1536 128 128 128
1405 127 896 1920 1664 128 128 128
1406 127 896 1920 1792 128 128 128
1407 127 896 1920 1920 128 128 128
1408 128 0 0 0 128 128 128
1409 128 0 0 128 128 128 128
1410 128 0 0 256 128 128 128
1411 128 0 0 384 128 128 128
1412 128 0 128 0 128 128 128
1413 128 0 128 128 128 128 128
1414 128 128 0 0 128 128 128
1415 128 128 0 128 128 128 128
1416 128 128 128 0 128 128 128
1417 128 128 128 128 128 128 128
1418 129 256 0 0 128 128 128
1419 129 256 0 128 128 128 128
1420 129 256 0 256 128 128 128
1421 129 256 0 384 128 128 128
1422 129 256 128 0 128 128 128
1423 129 256 128 128 128 128 128
1424 129 384 0 0 128 128 128
1425 129 384 0 128 128 128 128
1426 129 384 128 0 128 128 128
1427 129 384 128 128 128 128 128
1428 130 0 0 512 128 128 128
1429 130 0 0 640 128 128 128
1430 130 0 0 768 128 128 128
1431 130 0 0 896 128 128 128
1432 130 0 128 512 128 128 128
1433 130 0 128 640 128 128 128
1434 130 128 0 512 128 128 128
1435 130 128 0 640 128 128 128
1436 130 128 128 512 128 128 128
1437 130 128 128 640 128 128 128
1438 131 256 0 512 128 128 128
1439 131 256 0 640 128 128 128
1440 131 256 0 768 128 128 128
1441 131 256 0 896 128 128 128
1442 131 256 128 512 128 128 128
1443 131 256 128 640 128 128 128
1444 131 384 0 512 128 128 128
1445 131 384 0 640 128 128 128
1446 131 384 128 512 128 128 128
1447 131 384 128 640 128 128 128
1448 132 0 512 0 128 128 128
1449 132 0 512 128 128 128 128
1450 132 0 512 256 128 128 128
1451 132 0 512 384 128 128 128
1452 132 0 640 0 128 128 128
1453 132 0 640 128 128 128 128
1454 132 128 512 0 128 128 128
1455 132 128 512 128 128 128 128
1456 132 128 640 0 128 128 128
1457 132 128 640 128 128 128 128
1458 133 256 512 0 128 128 128
1459 133 256 512 128 128 128 128
1460 133 256 512 256 128 128 128
1461 133 256 512 384 128 128 128
1462 133 256 640 0 128 128 128
1463 133 256 640 128 128 128 128
1464 133 384 512 0 128 128 128
1465 133 384 512 128 128 128 128
1466 133 384 640 0 128 128 128
1467 133 384 640 128 128 128 128
1468 134 0 512 512 128 128 128
1469 134 0 512 640 128 128 128
1470 134 0 512 768 128 128 128
1471 134 0 512 896 128 128 128
1472 134 0 640 512 128 128 128
1473 134 0 640 640 128 128 128
1474 134 128 512 512 128 128 128
1475 134 128 512 640 128 128 128
1476 134 128 640 512 128 128 128
1477 134 128 640 640 128 128 128
1478 135 256 512 512 128 128 128
1479 135 256 512 640 128 128 128
1480 135 256 512 768 128 128 128
1481 135 256 512 896 128 128 128
1482 135 256 640 512 128 128 128
1483 135 256 640 640 128 128 128
1484 135 384 512 512 128 128 128
1485 135 384 512 640 128 128 128
1486 135 384 640 512 128 128 128
1487 135 384 640 640 128 128 128
1488 136 512 0 0 128 128 128
1489 136 512 0 128 128 128 128
1490 136 512 0 256 128 128 128
1491 136 512 0 384 128 128 128
1492 136 512 128 0 128 128 128
1493 136 512 128 128 128 128 128
1494 136 640 0 0 128 128 128
1495 136 640 0 128 128 128 128
1496 136 640 128 0 128 128 128
1497 136 640 128 128 128 128 128
1498 137 768 0 0 128 128 128
1499 137 768 0 128 128 128 128
1500 137 768 0 256 128 128 128
1501 137 768 0 384 128 128 128
1502 137 768 128 0 128 128 128
1503 137 768 128 128 128 128 128
1504 137 896 0 0 128 128 128
1505 137 896 0 128 128 128 128
1506 137 896 128 0 128 128 128
1507 137 896 128 128 128 128 128
1508 138 512 0 512 128 128 128
1509 138 512 0 640 128 128 128
1510 138 512 0 768 128 128 128
1511 138 512 0 896 128 128 128
1512 138 512 128 512 128 128 128
1513 138 512 128 640 128 128 128
1514 138 640 0 512 128 128 128
1515 138 640 0 640 128 128 128
1516 138 640 128 512 128 128 128
1517 138 640 128 640 128 128 128
1518 139 768 0 512 128 128 128
1519 139 768 0 640 128 128 128
1520 139 768 0 768 128 128 128
1521 139 768 0 896 128 128 128
1522 139 768 128 512 128 128 128
1523 139 768 128 640 128 128 128
1524 139 896 0 512 128 128 128
1525 139 896 0 640 128 128 128
1526 139 896 128 512 128 128 128
1527 139 896 128 640 128 128 128
1528 140 512 512 0 128 128 128
1529 140 512 512 128 128 128 128
1530 140 512 512 256 128 128 128
1531 140 512 512 384 128 128 128
1532 140 512 640 0 128 128 128
1533 140 512 640 128 128 128 128
1534 140 640 512 0 128 128 128
1535 140 640 512 128 128 128 128
1536 140 640 640 0 128 128 128
1537 140 640 640 128 128 128 128
1538 141 768 512 0 128 128 128
1539 141 768 512 128 128 128 128
1540 141 768 512 256 128 128 128
1541 141 768 512 384 128 128 128
1542 141 768 640 0 128 128 128
1543 141 768 640 128 128 128 128
1544 141 896 512 0 128 128 128
1545 141 896 512 128 128 128 128
1546 141 896 640 0 128 128 128
1547 141 896 640 128 128 128 128
1548 142 512 512 512 128 128 128
1549 142 512 512 640 128 128 128
1550 142 512 512 768 128 128 128
1551 142 512 512 896 128 128 128
1552 142 512 640 512 128 128 128
1553 142 512 640 640 128 128 128
1554 142 640 512 512 128 128 128
1555 142 640 512 640 128 128 128
1556 142 640 640 512 128 128 128
1557 142 640 640 640 128 128 128
1558 143 768 512 512 128 128 128
1559 143 768 512 640 128 128 128
1560 143 768 512 768 128 128 128
1561 143 768 512 896 128 128 128
1562 143 768 640 512 128 128 128
1563 143 768 640 640 128 128 128
1564 143 896 512 512 128 128 128
1565 143 896 512 640 128 128 128
1566 143 896 640 512 128 128 128
1567 143 896 640 640 128 128 128
1568 144 0 0 1024 128 128 128
1569 144 0 0 1152 128 128 128
1570 144 0 0 1280 128 128 128
1571 144 0 0 1408 128 128 128
1572 144 0 128 1024 128 128 128
1573 144 0 128 1152 128 128 128
1574 144 128 0 1024 128 128 128
1575 144 128 0 1152 128 128 128
1576 144 128 128 1024 128 128 128
1577 144 128 128 1152 128 128 128
1578 145 256 0 1024 128 128 128
1579 145 256 0 1152 128 128 128
1580 145 256 0 1280 128 128 128
1581 145 256 0 1408 128 128 128
1582 145 256 128 1024 128 128 128
1583 145 256 128 1152 128 128 128
1584 145 384 0 1024 128 128 128
1585 145 384 0 1152 128 128 128
1586 145 384 128 1024 128 128 128
1587 145 384 128 1152 128 128 128
1588 146 0 0 1536 128 128 128
1589 146 0 0 1664 128 128 128
1590 146 0 0 1792 128 128 128
1591 146 0 0 1920 128 128 128
1592 146 0 128 1536 128 128 128
1593 146 0 128 1664 128 128 128
1594 146 128 0 1536 128 128 128
1595 146 128 0 1664 128 128 128
1596 146 128 128 1536 128 128 128
1597 146 128 128 1664 128 128 128
1598 147 256 0 1536 128 128 128
1599 147 256 0 1664 128 128 128
1600 147 256 0 1792 128 128 128
1601 147 256 0 1920 128 128 128
1602 147 256 128 1536 128 128 128
1603 147 256 128 1664 128 128 128
1604 147 384 0 1536 128 128 128
1605 147 384 0 1664 128 128 128
1606 147 384 128 1536 128 128 128
1607 147 384 128 1664 128 128 128
1608 148 0 512 1024 128 128 128
1609 148 0 512 1152 128 128 128
1610 148 0 512 1280 128 128 128
1611 148 0 512 1408 128 128 128
1612 148 0 640 1024 128 128 128
1613 148 0 640 1152 128 128 128
1614 148 128 512 1024 128 128 128
1615 148 128 512 1152 128 128 128
1616 148 128 640 1024 128 128 128
1617 148 128 640 1152 128 128 128
1618 149 256 512 1024 128 128 128
1619 149 256 512 1152 128 128 128
1620 149 256 512 1280 128 128 128
1621 149 256 512 1408 128 128 128
1622 149 256 640 1024 128 128 128
1623 149 256 640 1152 128 128 128
1624 149 384 512 1024 128 128 128
1625 149 384 512 1152 128 128 128
1626 149 384 640 1024 128 128 128
1627 149 384 640 1152 128 128 128
1628 150 0 512 1536 128 128 128
1629 150 0 512 1664 128 128 128
1630 150 0 512 1792 128 128 128
1631 150 0 512 1920 128 128 128
1632 150 0 640 1536 128 128 128
1633 150 0 640 1664 128 128 128
1634 150 128 512 1536 128 128 128
1635 150 128 512 1664 128 128 128
1636 150 128 640 1536 128 128 128
1637 150 128 640 1664 128 128 128
1638 151 256 512 1536 128 128 128
1639 151 256 512 1664 128 128 128
1640 151 256 512 1792 128 128 128
1641 151 256 512 1920 128 128 128
1642 151 256 640 1536 128 128 128
1643 151 256 640 1664 128 128 128
1644 151 384 512 1536 128 128 128
1645 151 384 512 1664 128 128 128
1646 151 384 640 1536 128 128 128
1647 151 384 640 1664 128 128 128
1648 152 512 0 1024 128 128 128
1649 152 512 0 1152 128 128 128
1650 152 512 0 1280 128 128 128
1651 152 512 0 1408 128 128 128
1652 152 512 128 1024 128 128 128
1653 152 512 128 1152 128 128 128
1654 152 640 0 1024 128 128 128
1655 152 640 0 1152 128 128 128
1656 152 640 128 1024 128 128 128
1657 152 640 128 1152 128 128 128
1658 153 768 0 1024 128 128 128
1659 153 768 0 1152 128 128 128
1660 153 768 0 1280 128 128 128
1661 153 768 0 1408 128 128 128
1662 153 768 128 1024 128 128 128
1663 153 768 128 1152 128 128 128
1664 153 896 0 1024 128 128 128
1665 153 896 0 1152 128 128 128
1666 153 896 128 1024 128 128 128
1667 153 896 128 1152 128 128 128
1668 154 512 0 1536 128 128 128
1669 154 512 0 1664 128 128 128
1670 154 512 0 1792 128 128 128
1671 154 512 0 1920 128 128 128
1672 154 512 128 1536 128 128 128
1673 154 512 128 1664 128 128 128
1674 154 640 0 1536 128 128 128
1675 154 640 0 1664 128 128 128
1676 154 640 128 1536 128 128 128
1677 154 640 128 1664 128 128 128
1678 155 768 0 1536 128 128 128
1679 155 768 0 1664 128 128 128
1680 155 768 0 1792 128 128 128
1681 155 768 0 1920 128 128 128
1682 155 768 128 1536 128 128 128
1683 155 768 128 1664 128 128 128
1684 155 896 0 1536 128 128 128
1685 155 896 0 1664 128 128 128
1686 155 896 128 1536 128 128 128
1687 155 896 128 1664 128 128 128
1688 156 512 512 1024 128 128 128
1689 156 512 512 1152 128 128 128
1690 156 512 512 1280 128 128 128
1691 156 512 512 1408 128 128 128
1692 156 512 640 1024 128 128 128
1693 156 512 640 1152 128 128 128
1694 156 640 512 1024 128 128 128
1695 156 640 512 1152 128 128 128
1696 156 640 640 1024 128 128 128
1697 156 640 640 1152 128 128 128
1698 157 768 512 1024 128 128 128
1699 157 768 512 1152 128 128 128
1700 157 768 512 1280 128 128 128
1701 157 768 512 1408 128 128 128
1702 157 768 640 1024 128 128 128
1703 157 768 640 1152 128 128 128
1704 157 896 512 1024 128 128 128
1705 157 896 512 1152 128 128 128
1706 157 896 640 1024 128 128 128
1707 157 896 640 1152 128 128 128
1708 158 512 512 1536 128 128 128
1709 158 512 512 1664 128 128 128
1710 158 512 512 1792 128 128 128
1711 158 512 512 1920 128 128 128
1712 158 512 640 1536 128 128 128
1713 158 512 640 1664 128 128 128
1714 158 640 512 1536 128 128 128
1715 158 640 512 1664 128 128 128
1716 158 640 640 1536 128 128 128
1717 158 640 640 1664 128 128 128
1718 159 768 512 1536 128 128 128
1719 159 768 512 1664 128 128 128
1720 159 768 512 1792 128 128 128
1721 159 768 512 1920 128 128 128
1722 159 768 640 1536 128 128 128
1723 159 768 640 1664 128 128 128
1724 159 896 512 1536 128 128 128
1725 159 896 512 1664 128 128 128
1726 159 896 640 1536 128 128 128
1727 159 896 640 1664 128 128 128
1728 160 0 1024 0 128 128 128
1729 160 0 1024 128 128 128 128
1730 160 0 1024 256 128 128 128
1731 160 0 1024 384 128 128 128
1732 160 0 1152 0 128 128 128
1733 160 0 1152 128 128 128 128
1734 160 128 1024 0 128 128 128
1735 160 128 1024 128 128 128 128
1736 160 128 1152 0 128 128 128
1737 160 128 1152 128 128 128 128
1738 161 256 1024 0 128 128 128
1739 161 256 1024 128 128 128 128
1740 161 256 1024 256 128 128 128
1741 161 256 1024 384 128 128 128
1742 161 256 1152 0 128 128 128
1743 161 256 1152 128 128 128 128
1744 161 384 1024 0 128 128 128
1745 161 384 1024 128 128 128 128
1746 161 384 1152 0 128 128 128
1747 161 384 1152 128 128 128 128
1748 162 0 1024 512 128 128 128
1749 162 0 1024 640 128 128 128
1750 162 0 1024 768 128 128 128
1751 162 0 1024 896 128 128 128
1752 162 0 1152 512 128 128 128
1753 162 0 1152 640 128 128 128
1754 162 128 1024 512 128 128 128
1755 162 128 1024 640 128 128 128
1756 162 128 1152 512 128 128 128
1757 162 128 1152 640 128 128 128
1758 163 256 1024 512 128 128 128
1759 163 256 1024 640 128 128 128
1760 163 256 1024 768 128 128 128
1761 163 256 1024 896 128 128 128
1762 163 256 1152 512 128 128 128
1763 163 256 1152 640 128 128 128
1764 163 384 1024 512 128 128 128
1765 163 384 1024 640 128 128 128
1766 163 384 1152 512 128 128 128
1767 163 384 1152 640 128 128 128
1768 164 0 1536 0 128 128 128
1769 164 0 1536 128 128 128 128
1770 164 0 1536 256 128 128 128
1771 164 0 1536 384 128 128 128
1772 164 0 1664 0 128 128 128
1773 164 0 1664 128 128 128 128
1774 164 128 1536 0 128 128 128
1775 164 128 1536 128 128 128 128
1776 164 128 1664 0 128 128 128
1777 164 128 1664 128 128 128 128
1778 165 256 1536 0 128 128 128
1779 165 256 1536 128 128 128 128
1780 165 256 1536 256 128 128 128
1781 165 256 1536 384 128 128 128
1782 165 256 1664 0 128 128 128
1783 165 256 1664 128 128 128 128
1784 165 384 1536 0 128 128 128
1785 165 384 1536 128 128 128 128
1786 165 384 1664 0 128 128 128
1787 165 384 1664 128 128 128 128
1788 166 0 1536 512 128 128 128
1789 166 0 1536 640 128 128 128
1790 166 0 1536 768 128 128 128
1791 166 0 1536 896 128 128 128
1792 166 0 1664 512 128 128 128
1793 166 0 1664 640 128 128 128
1794 166 128 1536 512 128 128 128
1795 166 128 1536 640 128 128 128
1796 166 128 1664 512 128 128 128
1797 166 128 1664 640 128 128 128
1798 167 256 1536 512 128 128 128
1799 167 256 1536 640 128 128 128
1800 167 256 1536 768 128 128 128
1801 167 256 1536 896 128 128 128
1802 167 256 1664 512 128 128 128
1803 167 256 1664 640 128 128 128
1804 167 384 1536 512 128 128 128
1805 167 384 1536 640 128 128 128
1806 167 384 1664 512 128 128 128
1807 167 384 1664 640 128 128 128
1808 168 512 1024 0 128 128 128
1809 168 512 1024 128 128 128 128
1810 168 512 1024 256 128 128 128
1811 168 512 1024 384 128 128 128
1812 168 512 1152 0 128 128 128
1813 168 512 1152 128 128 128 128
1814 168 640 1024 0 128 128 128
1815 168 640 1024 128 128 128 128
1816 168 640 1152 0 128 128 128
1817 168 640 1152 128 128 128 128
1818 169 768 1024 0 128 128 128
1819 169 768 1024 128 128 128 128
1820 169 768 1024 256 128 128 128
1821 169 768 1024 384 128 128 128
1822 169 768 1152 0 128 128 128
1823 169 768 1152 128 128 128 128
1824 169 896 1024 0 128 128 128
1825 169 896 1024 128 128 128 128
1826 169 896 1152 0 128 128 128
1827 169 896 1152 128 128 128 128
1828 170 512 1024 512 128 128 128
1829 170 512 1024 640 128 128 128
1830 170 512 1024 768 128 128 128
1831 170 512 1024 896 128 128 128
1832 170 512 1152 512 128 128 128
1833 170 512 1152 640 128 128 128
1834 170 640 1024 512 128 128 128
1835 170 640 1024 640 128 128 128
1836 170 640 1152 512 128 128 128
1837 170 640 1152 640 128 128 128
1838 171 768 1024 512 128 128 128
1839 171 768 1024 640 128 128 128
1840 171 768 1024 768 128 128 128
1841 171 768 1024 896 128 128 128
1842 171 768 1152 512 128 128 128
1843 171 768 1152 640 128 128 128
1844 171 896 1024 512 128 128 128
1845 171 896 1024 640 128 128 128
1846 171 896 1152 512 128 128 128
1847 171 896 1152 640 128 128 128
1848 172 512 1536 0 128 128 128
1849 172 512 1536 128 128 128 128
1850 172 512 1536 256 128 128 128
1851 172 512 1536 384 128 128 128
1852 172 512 1664 0 128 128 128
1853 172 512 1664 128 128 128 128
1854 172 640 1536 0 128 128 128
1855 172 640 1536 128 128 128 128
1856 172 640 1664 0 128 128 128
1857 172 640 1664 128 128 128 128
1858 173 768 1536 0 128 128 128
1859 173 768 1536 128 128 128 128
1860 173 768 1536 256 128 128 128
1861 173 768 1536 384 128 128 128
1862 173 768 1664 0 128 128 128
1863 173 768 1664 128 128 128 128
1864 173 896 1536 0 128 128 128
1865 173 896 1536 128 128 128 128
1866 173 896 1664 0 128 128 128
1867 173 896 1664 128 128 128 128
1868 174 512 1536 512 128 128 128
1869 174 512 1536 640 128 128 128
1870 174 512 1536 768 128 128 128
1871 174 512 1536 896 128 128 128
1872 174 512 1664 512 128 128 128
1873 174 512 1664 640 128 128 128
1874 174 640 1536 512 128 128 128
1875 174 640 1536 640 128 128 128
1876 174 640 1664 512 128 128 128
1877 174 640 1664 640 128 128 128
1878 175 768 1536 512 128 128 128
1879 175 768 1536 640 128 128 128
1880 175 768 1536 768 128 128 128
1881 175 768 1536 896 128 128 128
1882 175 768 1664 512 128 128 128
1883 175 768 1664 640 128 128 128
1884 175 896 1536 512 128 128 128
1885 175 896 1536 640 128 128 128
1886 175 896 1664 512 128 128 128
1887 175 896 1664 640 128 128 128
1888 176 0 1024 1024 128 128 128
1889 176 0 1024 1152 128 128 128
1890 176 0 1024 1280 128 128 128
1891 176 0 1024 1408 128 128 128
1892 176 0 1152 1024 128 128 128
1893 176 0 1152 1152 128 128 128
1894 176 128 1024 1024 128 128 128
1895 176 128 1024 1152 128 128 128
1896 176 128 1152 1024 128 128 128
1897 176 128 1152 1152 128 128 128
1898 177 256 1024 1024 128 128 128
1899 177 256 1024 1152 128 128 128
1900 177 256 1024 1280 128 128 128
1901 177 256 1024 1408 128 128 128
1902 177 256 1152 1024 128 128 128
1903 177 256 1152 1152 128 128 128
1904 177 384 1024 1024 128 128 128
1905 177 384 1024 1152 128 128 128
1906 177 384 1152 1024 128 128 128
1907 177 384 1152 1152 128 128 128
1908 178 0 1024 1536 128 128 128
1909 178 0 1024 1664 128 128 128
1910 178 0 1024 1792 128 128 128
1911 178 0 1024 1920 128 128 128
1912 178 0 1152 1536 128 128 128
1913 178 0 1152 1664 128 128 128
1914 178 128 1024 1536 128 128 128
1915 178 128 1024 1664 128 128 128
1916 178 128 1152 1536 128 128 128
1917 178 128 1152 1664 128 128 128
1918 179 256 1024 1536 128 128 128
1919 179 256 1024 1664 128 128 128
1920 179 256 1024 1792 128 128 128
1921 179 256 1024 1920 128 128 128
1922 179 256 1152 1536 128 128 128
1923 179 256 1152 1664 128 128 128
1924 179 384 1024 1536 128 128 128
1925 179 384 1024 1664 128 128 128
1926 179 384 1152 1536 128 128 128
1927 179 384 1152 1664 128 128 128
1928 180 0 1536 1024 128 128 128
1929 180 0 1536 1152 128 128 128
1930 180 0 1536 1280 128 128 128
1931 180 0 1536 1408 128 128 128
1932 180 0 1664 1024 128 128 128
1933 180 0 1664 1152 128 128 128
1934 180 128 1536 1024 128 128 128
1935 180 128 1536 1152 128 128 128
1936 180 128 1664 1024 128 128 128
1937 180 128 1664 1152 128 128 128
1938 181 256 1536 1024 128 128 128
1939 181 256 1536 1152 128 128 128
1940 181 256 1536 1280 128 128 128
1941 181 256 1536 1408 128 128 128
1942 181 256 1664 1024 128 128 128
1943 181 256 1664 1152 128 128 128
1944 181 384 1536 1024 128 128 128
1945 181 384 1536 1152 128 128 128
1946 181 384 1664 1024 128 128 128
1947 181 384 1664 1152 128 128 128
1948 182 0 1536 1536 128 128 128
1949 182 0 1536 1664 128 128 128
1950 182 0 1536 1792 128 128 128
1951 182 0 1536 1920 128 128 128
1952 182 0 1664 1536 128 128 128
1953 182 0 1664 1664 128 128 128
1954 182 128 1536 1536 128 128 128
1955 182 128 1536 1664 128 128 128
1956 182 128 1664 1536 128 128 128
1957 182 128 1664 1664 128 128 128
1958 183 256 1536 1536 128 128 128
1959 183 256 1536 1664 128 128 128
1960 183 256 1536 1792 128 128 128
1961 183 256 1536 1920 128 128 128
1962 183 256 1664 1536 128 128 128
1963 183 256 1664 1664 128 128 128
1964 183 384 1536 1536 128 128 128
1965 183 384 1536 1664 128 128 128
1966 183 384 1664 1536 128 128 128
1967 183 384 1664 1664 128 128 128
1968 184 512 1024 1024 128 128 128
1969 184 512 1024 1152 128 128 128
1970 184 512 1024 1280 128 128 128
1971 184 512 1024 1408 128 128 128
1972 184 512 1152 1024 128 128 128
1973 184 512 1152 1152 128 128 128
1974 184 640 1024 1024 128 128 128
1975 184 640 1024 1152 128 128 128
1976 184 640 1152 1024 128 128 128
1977 184 640 1152 1152 128 128 128
1978 185 768 1024 1024 128 128 128
1979 185 768 1024 1152 128 128 128
1980 185 768 1024 1280 128 128 128
1981 185 768 1024 1408 128 128 128
1982 185 768 1152 1024 128 128 128
1983 185 768 1152 1152 128 128 128
1984 185 896 1024 1024 128 128 128
1985 185 896 1024 1152 128 128 128
1986 185 896 1152 1024 128 128 128
1987 185 896 1152 1152 128 128 128
1988 186 512 1024 1536 128 128 128
1989 186 512 1024 1664 128 128 128
1990 186 512 1024 1792 128 128 128
1991 186 512 1024 1920 128 128 128
1992 186 512 1152 1536 128 128 128
1993 186 512 1152 1664 128 128 128
1994 186 640 1024 1536 128 128 128
1995 186 640 1024 1664 128 128 128
1996 186 640 1152 1536 128 128 128
1997 186 640 1152 1664 128 128 128
1998 187 768 1024 1536 128 128 128
1999 187 768 1024 1664 128 128 128
2000 187 768 1024 1792 128 128 128
2001 187 768 1024 1920 128 128 128
2002 187 768 1152 1536 128 128 128
2003 187 768 1152 1664 128 128 128
2004 187 896 1024 1536 128 128 128
2005 187 896 1024 1664 128 128 128
2006 187 896 1152 1536 128 128 128
2007 187 896 1152 1664 128 128 128
2008 188 512 1536 1024 128 128 128
2009 188 512 1536 1152 128 128 128
2010 188 512 1536 1280 128 128 128
2011 188 512 1536 1408 128 128 128
2012 188 512 1664 1024 128 128 128
2013 188 512 1664 1152 128 128 128
2014 188 640 1536 1024 128 128 128
2015 188 640 1536 1152 128 128 128
2016 188 640 1664 1024 128 128 128
2017 188 640 1664 1152 128 128 128
2018 189 768 1536 1024 128 128 128
2019 189 768 1536 1152 128 128 128
2020 189 768 1536 1280 128 128 128
2021 189 768 1536 1408 128 128 128
2022 189 768 1664 1024 128 128 128
2023 189 768 1664 1152 128 128 128
2024 189 896 1536 1024 128 128 128
2025 189 896 1536 1152 128 128 128
2026 189 896 1664 1024 128 128 128
2027 189 896 1664 1152 128 128 128
2028 190 512 1536 1536 128 128 128
2029 190 512 1536 1664 128 128 128
2030 190 512 1536 1792 128 128 128
2031 190 512 1536 1920 128 128 128
2032 190 512 1664 1536 128 128 128
2033 190 512 1664 1664 128 128 128
2034 190 640 1536 1536 128 128 128
2035 190 640 1536 1664 128 128 128
2036 190 640 1664 1536 128 128 128
2037 190 640 1664 1664 128 128 128
2038 191 768 1536 1536 128 128 128
2039 191 768 1536 1664 128 128 128
2040 191 768 1536 1792 128 128 128
2041 191 768 1536 1920 128 128 128
2042 191 768 1664 1536 128 128 128
2043 191 768 1664 1664 128 128 128
2044 191 896 1536 1536 128 128 128
2045 191 896 1536 1664 128 128 128
2046 191 896 1664 1536 128 128 128
2047 191 896 1664 1664 128 128 128
