Shape 117676372
Blocks 82
# Block  Writer  Starts   Counts
0 0 0 1364704
1 0 1364704 2693762
2 0 4058466 900752
3 1 4959218 2693762
4 1 7652980 900752
5 1 8553732 1392640
6 2 9946372 906368
7 2 10852740 1361921
8 2 12214661 2651720
9 3 14866381 1374768
10 3 16241149 2593445
11 3 18834594 1355290
12 4 20189884 1363500
13 4 21553384 1392640
14 4 22946024 2105011
15 5 25051035 578125
16 5 25629160 2114924
17 5 27744084 2111071
18 6 29855155 1363500
19 6 31218655 1393016
20 6 32611671 2098134
21 7 34709805 1357935
22 7 36067740 1392640
23 7 37460380 2230666
24 8 39691046 156
25 8 39691202 1355290
26 8 41046492 2105011
27 8 43151503 1392640
28 9 44544143 156
29 9 44544299 2651720
30 9 47196019 1392640
31 9 48588659 924800
32 10 49513459 1357935
33 10 50871394 1392264
34 10 52263658 2109033
35 11 54372691 2614701
36 11 56987392 601036
37 11 57588428 1392640
38 12 58981068 1364704
39 12 60345772 1392640
40 12 61738412 2230666
41 13 63969078 1361720
42 13 65330798 2229139
43 13 67559937 1392640
44 14 68952577 20276
45 14 68972853 3880
46 14 68976733 1361921
47 14 70338654 2106532
48 14 72445186 1392264
49 15 73837450 3880
50 15 73841330 20276
51 15 73861606 1367483
52 15 75229089 1392640
53 15 76621729 2111071
54 16 78732800 1002
55 16 78733802 51727
56 16 78785529 51727
57 16 78837256 1002
58 16 78838258 906368
59 16 79744626 2229139
60 16 81973765 1392640
61 17 83366405 2614701
62 17 85981106 578125
63 17 86559231 1392640
64 18 87951871 1361720
65 18 89313591 2109033
66 18 91422624 1392640
67 19 92815264 2121579
68 19 94936843 2106532
69 19 97043375 924800
70 20 97968175 2114924
71 20 100083099 924800
72 20 101007899 2097106
73 21 103105005 2121579
74 21 105226584 924800
75 21 106151384 2097106
76 22 108248490 1367483
77 22 109615973 1393016
78 22 111008989 2098134
79 23 113107123 1374768
80 23 114481891 2593445
81 23 117075336 601036
