Shape 498210252
Blocks 420
# Block  Writer  Starts   Counts
0 0 0 2097152
1 0 2097152 2097152
2 1 4194304 2097152
3 1 6291456 2097152
4 2 8388608 2097152
5 2 10485760 2096876
6 3 12582636 2097152
7 3 14679788 2097152
8 4 16776940 2097152
9 4 18874092 2097152
10 5 20971244 2097152
11 5 23068396 2097152
12 6 25165548 2095802
13 6 27261350 2097152
14 7 29358502 2096876
15 7 31455378 2097152
16 8 33552530 2583528
17 9 36136058 2433965
18 10 38570023 2583528
19 11 41153551 2564816
20 12 43718367 2327657
21 13 46046024 1834738
22 14 47880762 2564816
23 15 50445578 2433965
24 16 52879543 1834738
25 17 54714281 1819563
26 18 56533844 2327657
27 19 58861501 1819563
28 20 60681064 2107783
29 20 62788847 699008
30 21 63487855 2107783
31 21 65595638 699008
32 22 66294646 2131900
33 22 68426546 699008
34 23 69125554 704512
35 23 69830066 2080768
36 24 71910834 704512
37 24 72615346 2080767
38 25 74696113 704512
39 25 75400625 2116439
40 26 77517064 704512
41 26 78221576 2080768
42 27 80302344 704512
43 27 81006856 2080768
44 28 83087624 704512
45 28 83792136 2080768
46 29 85872904 704512
47 29 86577416 2080768
48 30 88658184 2115852
49 30 90774036 704512
50 31 91478548 704512
51 31 92183060 2080768
52 32 94263828 2145129
53 32 96408957 704512
54 33 97113469 704512
55 33 97817981 2080768
56 34 99898749 704512
57 34 100603261 2080768
58 35 102684029 2116439
59 35 104800468 699008
60 36 105499476 704512
61 36 106203988 2080768
62 37 108284756 704512
63 37 108989268 2080768
64 38 111070036 704512
65 38 111774548 2080768
66 39 113855316 2115852
67 39 115971168 699008
68 40 116670176 704512
69 40 117374688 2080768
70 41 119455456 704512
71 41 120159968 2080768
72 42 122240736 2145129
73 42 124385865 704512
74 43 125090377 704512
75 43 125794889 2080768
76 44 127875657 2096649
77 44 129972306 699008
78 45 130671314 2131900
79 45 132803214 699008
80 46 133502222 704512
81 46 134206734 2080768
82 47 136287502 704512
83 47 136992014 2080768
84 48 139072782 704512
85 48 139777294 2080768
86 49 141858062 704512
87 49 142562574 2080768
88 50 144643342 704512
89 50 145347854 2080768
90 51 147428622 704512
91 51 148133134 2080768
92 52 150213902 2110886
93 52 152324788 699008
94 53 153023796 2102719
95 53 155126515 699008
96 54 155825523 2094873
97 54 157920396 699008
98 55 158619404 2094962
99 55 160714366 699008
100 56 161413374 704512
101 56 162117886 2080768
102 57 164198654 704512
103 57 164903166 2080768
104 58 166983934 2099605
105 58 169083539 699008
106 59 169782547 2098321
107 59 171880868 699008
108 60 172579876 2616989
109 61 175196865 704512
110 61 175901377 2080768
111 62 177982145 2101428
112 62 180083573 699008
113 63 180782581 704512
114 63 181487093 2080768
115 64 183567861 2097152
116 64 185665013 699008
117 65 186364021 2102215
118 65 188466236 699008
119 66 189165244 2094962
120 66 191260206 699008
121 67 191959214 2094873
122 67 194054087 699008
123 68 194753095 2098321
124 68 196851416 699008
125 69 197550424 2096126
126 69 199646550 699008
127 70 200345558 704512
128 70 201050070 2080768
129 71 203130838 704512
130 71 203835350 2080768
131 72 205916118 2099605
132 72 208015723 699008
133 73 208714731 704512
134 73 209419243 2080768
135 74 211500011 2093422
136 74 213593433 699008
137 75 214292441 2098645
138 75 216391086 699008
139 76 217090094 2097152
140 76 219187246 699008
141 77 219886254 2098645
142 77 221984899 699008
143 78 222683907 704512
144 78 223388419 2080768
145 79 225469187 2101428
146 79 227570615 699008
147 80 228269623 2095802
148 80 230365425 699008
149 81 231064433 2095018
150 81 233159451 699008
151 82 233858459 704512
152 82 234562971 2080772
153 83 236643743 704512
154 83 237348255 2080768
155 84 239429023 2097152
156 84 241526175 699008
157 85 242225183 2102719
158 85 244327902 699008
159 86 245026910 2102215
160 86 247129125 699008
161 87 247828133 2110886
162 87 249939019 699008
163 88 250638027 2103829
164 88 252741856 699008
165 89 253440864 2093422
166 89 255534286 699008
167 90 256233294 2096649
168 90 258329943 699008
169 91 259028951 2095018
170 91 261123969 699008
171 92 261822977 2103829
172 92 263926806 699008
173 93 264625814 2096126
174 93 266721940 699008
175 94 267420948 2099294
176 94 269520242 699008
177 95 270219250 2099294
178 95 272318544 699008
179 96 273017552 704512
180 96 273722064 2080772
181 97 275802836 704512
182 97 276507348 2080768
183 98 278588116 704512
184 98 279292628 2080768
185 99 281373396 704512
186 99 282077908 2080768
187 100 284158676 704512
188 100 284863188 2080768
189 101 286943956 2616989
190 102 289560945 2408392
191 103 291969337 2413816
192 104 294383153 2413816
193 105 296796969 2408392
194 106 299205361 2521917
195 107 301727278 2408332
196 108 304135610 2521917
197 109 306657527 2408332
198 110 309065859 2410534
199 111 311476393 1853523
200 112 313329916 2410534
201 113 315740450 1853523
202 114 317593973 236672
203 114 317830645 2080768
204 115 319911413 236672
205 115 320148085 2080768
206 116 322228853 197218
207 116 322426071 2105926
208 117 324531997 1809706
209 118 326341703 236672
210 118 326578375 2080767
211 119 328659142 236672
212 119 328895814 2080768
213 120 330976582 198006
214 120 331174588 196822
215 120 331371410 2105926
216 121 333477336 197218
217 121 333674554 122594
218 121 333797148 2091009
219 122 335888157 202623
220 122 336090780 196045
221 122 336286825 260064
222 122 336546889 2106721
223 123 338653610 1809706
224 124 340463316 199566
225 124 340662882 202623
226 124 340865505 66048
227 124 340931553 2139692
228 125 343071245 40852
229 125 343112097 2106721
230 126 345218818 66048
231 126 345284866 2087240
232 127 347372106 66048
233 127 347438154 2077350
234 128 349515504 198006
235 128 349713510 198599
236 128 349912109 66048
237 128 349978157 2106565
238 129 352084722 66048
239 129 352150770 207514
240 129 352358284 66048
241 129 352424332 2080656
242 130 354504988 208813
243 130 354713801 22188
244 130 354735989 2080890
245 131 356816879 66048
246 131 356882927 207514
247 131 357090441 2133130
248 132 359223571 198599
249 132 359422170 208813
250 132 359630983 2133130
251 133 361764113 66048
252 133 361830161 24993
253 133 361855154 185085
254 133 362040239 2091009
255 134 364131248 2149825
256 135 366281073 196081
257 135 366477154 2078002
258 136 368555156 66048
259 136 368621204 66048
260 136 368687252 2080890
261 137 370768142 66048
262 137 370834190 197193
263 137 371031383 2083910
264 138 373115293 196608
265 138 373311901 145446
266 138 373457347 66048
267 138 373523395 2077350
268 139 375600745 66048
269 139 375666793 196608
270 139 375863401 196608
271 139 376060009 2082413
272 140 378142422 66048
273 140 378208470 1407433
274 141 379615903 2083869
275 142 381699772 87813
276 142 381787585 195339
277 142 381982924 2089031
278 143 384071955 22188
279 143 384094143 197271
280 143 384291414 2079955
281 144 386371369 200849
282 144 386572218 66048
283 144 386638266 1407433
284 145 388045699 196608
285 145 388242307 2084269
286 146 390326576 22188
287 146 390348764 185085
288 146 390533849 196423
289 146 390730272 2139692
290 147 392869964 2082226
291 148 394952190 234823
292 148 395187013 2080768
293 149 397267781 197242
294 149 397465023 66048
295 149 397531071 196608
296 149 397727679 2077305
297 150 399804984 66048
298 150 399871032 66048
299 150 399937080 2076559
300 151 402013639 66048
301 151 402079687 87813
302 151 402167500 2089031
303 152 404256531 66048
304 152 404322579 197300
305 152 404519879 196423
306 152 404716302 2080836
307 153 406797138 260064
308 153 407057202 66048
309 153 407123250 1398821
310 154 408522071 66048
311 154 408588119 40852
312 154 408628971 196120
313 154 408825091 2082226
314 155 410907317 2080768
315 155 412988085 234823
316 156 413222908 1528
317 156 413224436 198655
318 156 413423091 196608
319 156 413619699 2084355
320 157 415704054 66048
321 157 415770102 196608
322 157 415966710 196608
323 157 416163318 2087240
324 158 418250558 202110
325 158 418452668 197282
326 158 418649950 2106565
327 159 420756515 66048
328 159 420822563 66048
329 159 420888611 2081561
330 160 422970172 234823
331 160 423204995 2080768
332 161 425285763 195072
333 161 425480835 2079430
334 162 427560265 2080768
335 162 429641033 234823
336 163 429875856 228200
337 163 430104056 196608
338 163 430300664 2138872
339 164 432439536 196081
340 164 432635617 2106969
341 165 434742586 66048
342 165 434808634 197282
343 165 435005916 195339
344 165 435201255 2078002
345 166 437279257 2151992
346 167 439431249 66048
347 167 439497297 66048
348 167 439563345 2082284
349 168 441645629 198528
350 168 441844157 2079262
351 169 443923419 196608
352 169 444120027 66048
353 169 444186075 2084269
354 170 446270344 196822
355 170 446467166 198655
356 170 446665821 197866
357 170 446863687 2082284
358 171 448945971 198528
359 171 449144499 22188
360 171 449166687 2079430
361 172 451246117 122594
362 172 451368711 196608
363 172 451565319 195072
364 172 451760391 2079262
365 173 453839653 66048
366 173 453905701 24993
367 173 453930694 2138872
368 174 456069566 1528
369 174 456071094 210508
370 174 456281602 2083869
371 175 458365471 66048
372 175 458431519 66048
373 175 458497567 202110
374 175 458699677 116486
375 175 458816163 2089895
376 176 460906058 228200
377 176 461134258 2149825
378 177 463284083 196608
379 177 463480691 2089895
380 178 465570586 66048
381 178 465636634 1398821
382 179 467035455 196608
383 179 467232063 197300
384 179 467429363 2076559
385 180 469505922 66048
386 180 469571970 2138140
387 181 471710110 205673
388 181 471915783 197866
389 181 472113649 2138140
390 182 474251789 116486
391 182 474368275 2106969
392 183 476475244 66048
393 183 476541292 197193
394 183 476738485 66048
395 183 476804533 2083910
396 184 478888443 196608
397 184 479085051 197271
398 184 479282322 2084355
399 185 481366677 199566
400 185 481566243 2079955
401 186 483646198 197242
402 186 483843440 2080836
403 187 485924276 210508
404 187 486134784 66048
405 187 486200832 2081561
406 188 488282393 66048
407 188 488348441 196120
408 188 488544561 2151992
409 189 490696553 66048
410 189 490762601 196608
411 189 490959209 200849
412 189 491160058 66048
413 189 491226106 2082413
414 190 493308519 196608
415 190 493505127 2080656
416 191 495585783 196045
417 191 495781828 145446
418 191 495927274 205673
419 191 496132947 2077305
