Shape 512 512 512
Blocks 64
# Block  Writer  Starts   Counts
0 0 0 128 256 128 128 128
1 0 0 128 384 128 128 128
2 0 0 256 0 128 128 128
3 0 0 256 128 128 128 128
4 0 0 384 0 128 128 128
5 0 0 384 128 128 128 128
6 0 128 0 256 128 128 128
7 0 128 0 384 128 128 128
8 0 128 128 256 128 128 128
9 0 128 128 384 128 128 128
10 0 128 256 0 128 128 128
11 1 0 256 256 128 128 128
12 1 0 256 384 128 128 128
13 1 0 384 256 128 128 128
14 1 0 384 384 128 128 128
15 1 128 256 128 128 128 128
16 1 128 256 256 128 128 128
17 1 128 256 384 128 128 128
18 1 128 384 0 128 128 128
19 1 128 384 128 128 128 128
20 1 128 384 256 128 128 128
21 1 128 384 384 128 128 128
22 2 256 128 256 128 128 128
23 2 256 128 384 128 128 128
24 2 256 256 0 128 128 128
25 2 256 256 128 128 128 128
26 2 256 384 0 128 128 128
27 2 256 384 128 128 128 128
28 2 384 0 256 128 128 128
29 2 384 0 384 128 128 128
30 2 384 128 256 128 128 128
31 2 384 128 384 128 128 128
32 2 384 256 0 128 128 128
33 3 256 256 256 128 128 128
34 3 256 256 384 128 128 128
35 3 256 384 256 128 128 128
36 3 256 384 384 128 128 128
37 3 384 256 128 128 128 128
38 3 384 256 256 128 128 128
39 3 384 256 384 128 128 128
40 3 384 384 0 128 128 128
41 3 384 384 128 128 128 128
42 3 384 384 256 128 128 128
43 3 384 384 384 128 128 128
44 4 0 0 0 128 128 128
45 4 0 0 128 128 128 128
46 4 0 0 256 128 128 128
47 4 0 0 384 128 128 128
48 4 0 128 0 128 128 128
49 4 0 128 128 128 128 128
50 4 128 0 0 128 128 128
51 4 128 0 128 128 128 128
52 4 128 128 0 128 128 128
53 4 128 128 128 128 128 128
54 5 256 0 0 128 128 128
55 5 256 0 128 128 128 128
56 5 256 0 256 128 128 128
57 5 256 0 384 128 128 128
58 5 256 128 0 128 128 128
59 5 256 128 128 128 128 128
60 5 384 0 0 128 128 128
61 5 384 0 128 128 128 128
62 5 384 128 0 128 128 128
63 5 384 128 128 128 128 128
