Shape 51113268
Blocks 64
# Block  Writer  Starts   Counts
0 0 0 326190
1 0 326190 104385
2 0 430575 793625
3 0 1224200 238747
4 0 1462947 758921
5 0 2221868 772126
6 0 2993994 236672
7 0 3230666 2127848
8 0 5358514 709090
9 0 6067604 2099462
10 0 8167066 699008
11 1 8866074 322747
12 1 9188821 793625
13 1 9982446 103021
14 1 10085467 778743
15 1 10864210 238747
16 1 11102957 758921
17 1 11861878 2129385
18 1 13991263 709090
19 1 14700353 236672
20 1 14937025 699008
21 1 15636033 2099462
22 2 17735495 881453
23 2 18616948 322687
24 2 18939635 778743
25 2 19718378 238433
26 2 19956811 236672
27 2 20193483 705612
28 2 20899095 2127848
29 2 23026943 699008
30 2 23725951 2100120
31 2 25826071 699008
32 3 26525079 326190
33 3 26851269 881453
34 3 27732722 326542
35 3 28059264 772126
36 3 28831390 238433
37 3 29069823 2129385
38 3 31199208 705478
39 3 31904686 699008
40 3 32603694 2100120
41 3 34703814 699008
42 4 35402822 322687
43 4 35725509 103021
44 4 35828530 1904732
45 4 37733262 1901333
46 4 39634595 757860
47 4 40392455 709072
48 4 41101527 705612
49 4 41807139 236672
50 4 42043811 234823
51 4 42278634 699008
52 4 42977642 234823
53 5 43212465 104385
54 5 43316850 322747
55 5 43639597 326542
56 5 43966139 1904732
57 5 45870871 757860
58 5 46628731 1901333
59 5 48530064 709072
60 5 49239136 705478
61 5 49944614 234823
62 5 50179437 699008
63 5 50878445 234823
