Shape 2213511300
Blocks 1452
# Block  Writer  Starts   Counts
0 0 0 2287361
1 1 2287361 2283205
2 2 4570566 2287361
3 3 6857927 2215859
4 4 9073786 2283205
5 5 11356991 2249156
6 6 13606147 2214722
7 7 15820869 2215859
8 8 18036728 2214722
9 9 20251450 2249156
10 10 22500606 2242965
11 11 24743571 2242965
12 12 26986536 2190720
13 13 29177256 2190555
14 14 31367811 2190720
15 15 33558531 2190555
16 16 35749086 2335196
17 17 38084282 2335196
18 18 40419478 2155944
19 19 42575422 2155332
20 20 44730754 2292375
21 21 47023129 2155944
22 22 49179073 2329224
23 23 51508297 2155332
24 24 53663629 2329224
25 25 55992853 2292375
26 26 58285228 2190959
27 27 60476187 2190771
28 28 62666958 2190959
29 29 64857917 2280214
30 30 67138131 2143761
31 31 69281892 2280214
32 32 71562106 2190771
33 33 73752877 2143761
34 34 75896638 2142257
35 35 78038895 2154125
36 36 80193020 2154125
37 37 82347145 2142257
38 38 84489402 2156686
39 39 86646088 2156686
40 40 88802774 2218238
41 41 91021012 2218238
42 42 93239250 2213992
43 43 95453242 2213992
44 44 97667234 2127102
45 45 99794336 2127102
46 46 101921438 2120367
47 47 104041805 2120367
48 48 106162172 2120037
49 49 108282209 2120037
50 50 110402246 2123291
51 51 112525537 2128548
52 52 114654085 2115985
53 53 116770070 2115985
54 54 118886055 2121521
55 55 121007576 2142306
56 56 123149882 2142306
57 57 125292188 2144577
58 58 127436765 2123291
59 59 129560056 2155040
60 60 131715096 2144577
61 61 133859673 2121521
62 62 135981194 2128548
63 63 138109742 2155040
64 64 140264782 2111573
65 65 142376355 2109271
66 66 144485626 2111573
67 67 146597199 2113230
68 68 148710429 2158103
69 69 150868532 2109271
70 70 152977803 2107572
71 71 155085375 2113230
72 72 157198605 2158103
73 73 159356708 2102697
74 74 161459405 2107572
75 75 163566977 2110520
76 76 165677497 2102328
77 77 167779825 2110520
78 78 169890345 2102715
79 79 171993060 2102697
80 80 174095757 2109614
81 81 176205371 2117010
82 82 178322381 2102328
83 83 180424709 2106666
84 84 182531375 2117010
85 85 184648385 2108762
86 86 186757147 2102715
87 87 188859862 2108762
88 88 190968624 2102806
89 89 193071430 2100186
90 90 195171616 2106666
91 91 197278282 2109614
92 92 199387896 2102806
93 93 201490702 2100186
94 94 203590888 2115736
95 95 205706624 2099690
96 96 207806314 2108033
97 97 209914347 2108033
98 98 212022380 2102917
99 99 214125297 2124064
100 100 216249361 2099029
101 101 218348390 2104113
102 102 220452503 2099029
103 103 222551532 2099690
104 104 224651222 2102917
105 105 226754139 2124064
106 106 228878203 2115736
107 107 230993939 2104113
108 108 233098052 2098773
109 109 235196825 2099402
110 110 237296227 2101955
111 111 239398182 2098773
112 112 241496955 2101389
113 113 243598344 2100862
114 114 245699206 2095993
115 115 247795199 2101955
116 116 249897154 2100405
117 117 251997559 2098720
118 118 254096279 2105831
119 119 256202110 2095498
120 120 258297608 2100862
121 121 260398470 2098178
122 122 262496648 2096996
123 123 264593644 2105831
124 124 266699475 2101389
125 125 268800864 2095498
126 126 270896362 2100405
127 127 272996767 2099921
128 128 275096688 2099402
129 129 277196090 2095993
130 130 279292083 2101626
131 131 281393709 2099719
132 132 283493428 2098178
133 133 285591606 2099921
134 134 287691527 2098720
135 135 289790247 2096996
136 136 291887243 2101626
137 137 293988869 2097929
138 138 296086798 2097614
139 139 298184412 2096285
140 140 300280697 2098068
141 141 302378765 2097152
142 142 304475917 2099719
143 143 306575636 2098746
144 144 308674382 2100659
145 145 310775041 2097142
146 146 312872183 2097206
147 147 314969389 2097507
148 148 317066896 2097152
149 149 319164048 2097679
150 150 321261727 2098746
151 151 323360473 2097206
152 152 325457679 2096285
153 153 327553964 2096747
154 154 329650711 2097152
155 155 331747863 2097802
156 156 333845665 2097802
157 157 335943467 2097023
158 158 338040490 2097507
159 159 340137997 2099457
160 160 342237454 2098068
161 161 344335522 2099457
162 162 346434979 2097269
163 163 348532248 2101470
164 164 350633718 2097023
165 165 352730741 2096344
166 166 354827085 2096787
167 167 356923872 2097142
168 168 359021014 2097929
169 169 361118943 2098034
170 170 363216977 2098547
171 171 365315524 2097152
172 172 367412676 2097679
173 173 369510355 2098034
174 174 371608389 2097152
175 175 373705541 2097868
176 176 375803409 2097152
177 177 377900561 2096671
178 178 379997232 2097152
179 179 382094384 2097152
180 180 384191536 2097614
181 181 386289150 2098547
182 182 388387697 2097152
183 183 390484849 2100659
184 184 392585508 2097152
185 185 394682660 2101470
186 186 396784130 2097152
187 187 398881282 2097868
188 188 400979150 2097152
189 189 403076302 2096747
190 190 405173049 2096671
191 191 407269720 2097152
192 192 409366872 2096787
193 193 411463659 2097016
194 194 413560675 2097152
195 195 415657827 2097152
196 196 417754979 2098522
197 197 419853501 2098522
198 198 421952023 2097675
199 199 424049698 2097675
200 200 426147373 2097152
201 201 428244525 2097152
202 202 430341677 2097152
203 203 432438829 2097152
204 204 434535981 2097152
205 205 436633133 2097152
206 206 438730285 2097152
207 207 440827437 2097269
208 208 442924706 2097152
209 209 445021858 2097152
210 210 447119010 2097152
211 211 449216162 2097152
212 212 451313314 2097273
213 213 453410587 2097152
214 214 455507739 2097152
215 215 457604891 2097152
216 216 459702043 2081599
217 217 461783642 2097152
218 218 463880794 2097152
219 219 465977946 2097152
220 220 468075098 2097152
221 221 470172250 2097152
222 222 472269402 2097152
223 223 474366554 2097152
224 224 476463706 2097152
225 225 478560858 2097152
226 226 480658010 2097273
227 227 482755283 2097152
228 228 484852435 2097152
229 229 486949587 2097152
230 230 489046739 2097152
231 231 491143891 2097152
232 232 493241043 2097152
233 233 495338195 2097152
234 234 497435347 2097152
235 235 499532499 2097152
236 236 501629651 2080703
237 237 503710354 2097152
238 238 505807506 2097152
239 239 507904658 2097152
240 240 510001810 2096344
241 241 512098154 2097152
242 242 514195306 2097152
243 243 516292458 2097152
244 244 518389610 2097152
245 245 520486762 2097152
246 246 522583914 2097152
247 247 524681066 2097152
248 248 526778218 2097152
249 249 528875370 2097152
250 250 530972522 2097152
251 251 533069674 2097152
252 252 535166826 2097152
253 253 537263978 2097152
254 254 539361130 2097152
255 255 541458282 2097152
256 256 543555434 2097152
257 257 545652586 2097152
258 258 547749738 2097152
259 259 549846890 2097152
260 260 551944042 2097152
261 261 554041194 2097152
262 262 556138346 2097152
263 263 558235498 2079399
264 264 560314897 2097152
265 265 562412049 2097152
266 266 564509201 2097152
267 267 566606353 2097296
268 268 568703649 2097152
269 269 570800801 2097152
270 270 572897953 2097016
271 271 574994969 2080768
272 272 577075737 2097152
273 273 579172889 2097152
274 274 581270041 2096139
275 275 583366180 2097296
276 276 585463476 2097152
277 277 587560628 2083429
278 278 589644057 2096139
279 279 591740196 2097152
280 280 593837348 2097152
281 281 595934500 2097152
282 282 598031652 2097152
283 283 600128804 2097152
284 284 602225956 2097152
285 285 604323108 2097152
286 286 606420260 2097152
287 287 608517412 2097152
288 288 610614564 2080768
289 289 612695332 2079932
290 290 614775264 2097152
291 291 616872416 2097152
292 292 618969568 2097152
293 293 621066720 2097152
294 294 623163872 2083177
295 295 625247049 2097152
296 296 627344201 2097152
297 297 629441353 2097152
298 298 631538505 2097152
299 299 633635657 2097152
300 300 635732809 2097152
301 301 637829961 2097152
302 302 639927113 2097152
303 303 642024265 2097152
304 304 644121417 2097152
305 305 646218569 2097152
306 306 648315721 2097152
307 307 650412873 2097152
308 308 652510025 2097152
309 309 654607177 2097152
310 310 656704329 2097152
311 311 658801481 2097152
312 312 660898633 2097152
313 313 662995785 2097152
314 314 665092937 2097152
315 315 667190089 2097152
316 316 669287241 2097152
317 317 671384393 2082138
318 318 673466531 2097152
319 319 675563683 2097152
320 320 677660835 2097152
321 321 679757987 2097152
322 322 681855139 2097152
323 323 683952291 2097152
324 324 686049443 2082461
325 325 688131904 2097152
326 326 690229056 2097152
327 327 692326208 2097152
328 328 694423360 2097152
329 329 696520512 2097152
330 330 698617664 2097152
331 331 700714816 2079704
332 332 702794520 2079011
333 333 704873531 2097152
334 334 706970683 2097152
335 335 709067835 2097152
336 336 711164987 2097152
337 337 713262139 2097152
338 338 715359291 2097152
339 339 717456443 2097152
340 340 719553595 2097152
341 341 721650747 2097152
342 342 723747899 2097152
343 343 725845051 2097152
344 344 727942203 2097152
345 345 730039355 2079852
346 346 732119207 2097152
347 347 734216359 2097152
348 348 736313511 2082126
349 349 738395637 2097152
350 350 740492789 2097152
351 351 742589941 2081660
352 352 744671601 2097152
353 353 746768753 2082138
354 354 748850891 2097152
355 355 750948043 2097152
356 356 753045195 2097152
357 357 755142347 2097152
358 358 757239499 2097152
359 359 759336651 2097152
360 360 761433803 2097152
361 361 763530955 2097152
362 362 765628107 2097152
363 363 767725259 2080665
364 364 769805924 2097152
365 365 771903076 2097152
366 366 774000228 2097152
367 367 776097380 2097152
368 368 778194532 2097152
369 369 780291684 2097152
370 370 782388836 2079873
371 371 784468709 2097152
372 372 786565861 2080768
373 373 788646629 2081068
374 374 790727697 2097152
375 375 792824849 2081119
376 376 794905968 2097152
377 377 797003120 2097152
378 378 799100272 2097152
379 379 801197424 2080166
380 380 803277590 2080915
381 381 805358505 2097152
382 382 807455657 2097152
383 383 809552809 2097152
384 384 811649961 2097152
385 385 813747113 2097152
386 386 815844265 2097152
387 387 817941417 2081660
388 388 820023077 2097152
389 389 822120229 2080410
390 390 824200639 2080410
391 391 826281049 2081375
392 392 828362424 2097152
393 393 830459576 2097152
394 394 832556728 2097152
395 395 834653880 2097152
396 396 836751032 2097152
397 397 838848184 2097152
398 398 840945336 2097152
399 399 843042488 2082461
400 400 845124949 2097152
401 401 847222101 2097152
402 402 849319253 2081599
403 403 851400852 2081085
404 404 853481937 2081596
405 405 855563533 2080768
406 406 857644301 2079873
407 407 859724174 2079704
408 408 861803878 2097152
409 409 863901030 2097152
410 410 865998182 2097152
411 411 868095334 2097152
412 412 870192486 2079065
413 413 872271551 2083177
414 414 874354728 2080429
415 415 876435157 2097152
416 416 878532309 2097152
417 417 880629461 2097152
418 418 882726613 2097152
419 419 884823765 2097152
420 420 886920917 2097152
421 421 889018069 2079065
422 422 891097134 2080768
423 423 893177902 2097152
424 424 895275054 2097152
425 425 897372206 2080429
426 426 899452635 2097152
427 427 901549787 2097152
428 428 903646939 2097152
429 429 905744091 2080560
430 430 907824651 2080768
431 431 909905419 2080459
432 432 911985878 2097152
433 433 914083030 2097152
434 434 916180182 2081125
435 435 918261307 2078053
436 436 920339360 2083465
437 437 922422825 2080155
438 438 924502980 2097152
439 439 926600132 2081231
440 440 928681363 2081375
441 441 930762738 2079399
442 442 932842137 2080831
443 443 934922968 2097152
444 444 937020120 2097152
445 445 939117272 2080851
446 446 941198123 2080983
447 447 943279106 2080166
448 448 945359272 2079932
449 449 947439204 2097152
450 450 949536356 2080768
451 451 951617124 2080915
452 452 953698039 2080459
453 453 955778498 2082709
454 454 957861207 2097152
455 455 959958359 2081085
456 456 962039444 2081119
457 457 964120563 2080432
458 458 966200995 2081068
459 459 968282063 2081231
460 460 970363294 2080888
461 461 972444182 2097152
462 462 974541334 2080851
463 463 976622185 2080875
464 464 978703060 2080768
465 465 980783828 2097152
466 466 982880980 2081696
467 467 984962676 2081596
468 468 987044272 2078053
469 469 989122325 2083429
470 470 991205754 2081408
471 471 993287162 2079852
472 472 995367014 2078345
473 473 997445359 2080768
474 474 999526127 2079953
475 475 1001606080 2082709
476 476 1003688789 2080677
477 477 1005769466 2080768
478 478 1007850234 2080570
479 479 1009930804 2080515
480 480 1012011319 2081162
481 481 1014092481 2081867
482 482 1016174348 2080665
483 483 1018255013 2082126
484 484 1020337139 2097152
485 485 1022434291 2081032
486 486 1024515323 2079011
487 487 1026594334 2080570
488 488 1028674904 2078111
489 489 1030753015 2080768
490 490 1032833783 2083465
491 491 1034917248 2081696
492 492 1036998944 2097152
493 493 1039096096 2079424
494 494 1041175520 2079424
495 495 1043254944 2078345
496 496 1045333289 2081032
497 497 1047414321 2080831
498 498 1049495152 2080560
499 499 1051575712 2080703
500 500 1053656415 2081162
501 501 1055737577 2080768
502 502 1057818345 2080768
503 503 1059899113 2080768
504 504 1061979881 2079953
505 505 1064059834 2080768
506 506 1066140602 2080983
507 507 1068221585 2081867
508 508 1070303452 2080768
509 509 1072384220 2080875
510 510 1074465095 2080311
511 511 1076545406 2080311
512 512 1078625717 2078111
513 513 1080703828 2081399
514 514 1082785227 2080677
515 515 1084865904 2080768
516 516 1086946672 2080162
517 517 1089026834 2080768
518 518 1091107602 2080515
519 519 1093188117 2080649
520 520 1095268766 2080888
521 521 1097349654 2080152
522 522 1099429806 2080768
523 523 1101510574 2080152
524 524 1103590726 2080768
525 525 1105671494 2080432
526 526 1107751926 2080649
527 527 1109832575 2080768
528 528 1111913343 2081408
529 529 1113994751 2080768
530 530 1116075519 2080768
531 531 1118156287 2080768
532 532 1120237055 2080768
533 533 1122317823 2080768
534 534 1124398591 2080768
535 535 1126479359 2080155
536 536 1128559514 2081125
537 537 1130640639 2080768
538 538 1132721407 2080768
539 539 1134802175 2080768
540 540 1136882943 2080768
541 541 1138963711 2080768
542 542 1141044479 2080768
543 543 1143125247 2080768
544 544 1145206015 2080768
545 545 1147286783 2080768
546 546 1149367551 2080768
547 547 1151448319 2080768
548 548 1153529087 2080768
549 549 1155609855 2080768
550 550 1157690623 2081399
551 551 1159772022 2080768
552 552 1161852790 2080768
553 553 1163933558 2080768
554 554 1166014326 2080768
555 555 1168095094 2080768
556 556 1170175862 2080768
557 557 1172256630 2080768
558 558 1174337398 2080768
559 559 1176418166 2080768
560 560 1178498934 2080768
561 561 1180579702 2080768
562 562 1182660470 2080768
563 563 1184741238 2080768
564 564 1186822006 2080768
565 565 1188902774 2080768
566 566 1190983542 2080768
567 567 1193064310 2080768
568 568 1195145078 2080768
569 569 1197225846 2080768
570 570 1199306614 2080768
571 571 1201387382 2080768
572 572 1203468150 2080768
573 573 1205548918 2080768
574 574 1207629686 2080768
575 575 1209710454 2080768
576 576 1211791222 2080768
577 577 1213871990 2080768
578 578 1215952758 2080162
579 579 1218032920 2080768
580 580 1220113688 2080768
581 581 1222194456 2080768
582 582 1224275224 2080768
583 583 1226355992 2080768
584 584 1228436760 2080768
585 585 1230517528 2080768
586 586 1232598296 2080768
587 587 1234679064 2080768
588 588 1236759832 2080768
589 589 1238840600 2080768
590 590 1240921368 2080768
591 591 1243002136 2080768
592 592 1245082904 2080768
593 593 1247163672 2080768
594 594 1249244440 2080768
595 595 1251325208 2080768
596 596 1253405976 2080768
597 597 1255486744 2080768
598 598 1257567512 2080768
599 599 1259648280 2080768
600 600 1261729048 2080768
601 601 1263809816 2080768
602 602 1265890584 2080768
603 603 1267971352 2080768
604 604 1270052120 2080768
605 605 1272132888 2080768
606 606 1274213656 2080768
607 607 1276294424 2080768
608 608 1278375192 2080768
609 609 1280455960 2080768
610 610 1282536728 2080768
611 611 1284617496 2080768
612 612 1286698264 2080768
613 613 1288779032 2080768
614 614 1290859800 2080768
615 615 1292940568 2080768
616 616 1295021336 2080768
617 617 1297102104 2080768
618 618 1299182872 2080768
619 619 1301263640 2080768
620 620 1303344408 2080768
621 621 1305425176 2080768
622 622 1307505944 2080768
623 623 1309586712 2080768
624 624 1311667480 2080768
625 625 1313748248 2080768
626 626 1315829016 2080768
627 627 1317909784 2080768
628 628 1319990552 2080768
629 629 1322071320 2080768
630 630 1324152088 2080768
631 631 1326232856 2080768
632 632 1328313624 2080768
633 633 1330394392 2080768
634 634 1332475160 2080768
635 635 1334555928 2080768
636 636 1336636696 2080768
637 637 1338717464 2080768
638 638 1340798232 2080768
639 639 1342879000 2080768
640 640 1344959768 2080768
641 641 1347040536 2080768
642 642 1349121304 2080768
643 643 1351202072 2080768
644 644 1353282840 2080768
645 645 1355363608 2080768
646 646 1357444376 2080768
647 647 1359525144 2080768
648 648 1361605912 2080768
649 649 1363686680 2080768
650 650 1365767448 2080768
651 651 1367848216 2080768
652 652 1369928984 2080768
653 653 1372009752 2080768
654 654 1374090520 2080768
655 655 1376171288 2080768
656 656 1378252056 2080768
657 657 1380332824 2080768
658 658 1382413592 2080768
659 659 1384494360 2080768
660 660 1386575128 2080768
661 661 1388655896 2080768
662 662 1390736664 2080768
663 663 1392817432 2080768
664 664 1394898200 2080768
665 665 1396978968 2080768
666 666 1399059736 2080768
667 667 1401140504 2080768
668 668 1403221272 2080768
669 669 1405302040 2080768
670 670 1407382808 2080768
671 671 1409463576 2080768
672 672 1411544344 2080768
673 673 1413625112 2080768
674 674 1415705880 2080768
675 675 1417786648 2080768
676 676 1419867416 2080768
677 677 1421948184 2080768
678 678 1424028952 2080768
679 679 1426109720 2080768
680 680 1428190488 2080768
681 681 1430271256 2080768
682 682 1432352024 2080768
683 683 1434432792 2080768
684 684 1436513560 2080768
685 685 1438594328 2080768
686 686 1440675096 2080768
687 687 1442755864 2080768
688 688 1444836632 2080768
689 689 1446917400 2080768
690 690 1448998168 2080768
691 691 1451078936 2080768
692 692 1453159704 2080768
693 693 1455240472 2080768
694 694 1457321240 2080768
695 695 1459402008 2080768
696 696 1461482776 2080768
697 697 1463563544 2080768
698 698 1465644312 2080768
699 699 1467725080 2080768
700 700 1469805848 2080768
701 701 1471886616 2080768
702 702 1473967384 2080768
703 703 1476048152 2080768
704 704 1478128920 2080768
705 705 1480209688 2080768
706 706 1482290456 2080768
707 707 1484371224 2080768
708 708 1486451992 2080768
709 709 1488532760 2080768
710 710 1490613528 2080768
711 711 1492694296 2080768
712 712 1494775064 2080768
713 713 1496855832 2080768
714 714 1498936600 2080768
715 715 1501017368 2080768
716 716 1503098136 2080768
717 717 1505178904 2080768
718 718 1507259672 2080768
719 719 1509340440 2080768
720 720 1511421208 2080768
721 721 1513501976 2080768
722 722 1515582744 2080768
723 723 1517663512 2080768
724 724 1519744280 2080768
725 725 1521825048 2080768
726 726 1523905816 2080768
727 727 1525986584 2080768
728 728 1528067352 2080768
729 729 1530148120 2080768
730 730 1532228888 2080768
731 731 1534309656 2080768
732 732 1536390424 2080768
733 733 1538471192 2080768
734 734 1540551960 2080768
735 735 1542632728 2080768
736 736 1544713496 2080768
737 737 1546794264 2080768
738 738 1548875032 2080768
739 739 1550955800 2080768
740 740 1553036568 2080768
741 741 1555117336 2080768
742 742 1557198104 2080768
743 743 1559278872 2080768
744 744 1561359640 2080768
745 745 1563440408 2080769
746 746 1565521177 2080768
747 747 1567601945 2080768
748 748 1569682713 2080768
749 749 1571763481 2080768
750 750 1573844249 2080768
751 751 1575925017 2080768
752 752 1578005785 2080768
753 753 1580086553 2080768
754 754 1582167321 2080768
755 755 1584248089 2080768
756 756 1586328857 2080768
757 757 1588409625 2080768
758 758 1590490393 2080768
759 759 1592571161 2080768
760 760 1594651929 2080768
761 761 1596732697 2080768
762 762 1598813465 2080768
763 763 1600894233 2080768
764 764 1602975001 2080768
765 765 1605055769 2080768
766 766 1607136537 2080768
767 767 1609217305 2080768
768 768 1611298073 2080768
769 769 1613378841 2080768
770 770 1615459609 2080768
771 771 1617540377 2080768
772 772 1619621145 2080768
773 773 1621701913 2080768
774 774 1623782681 2080768
775 775 1625863449 2080768
776 776 1627944217 2080768
777 777 1630024985 2080768
778 778 1632105753 2080768
779 779 1634186521 2080768
780 780 1636267289 2080769
781 781 1638348058 2080768
782 782 1640428826 2080768
783 783 1642509594 2080768
784 784 1644590362 2080768
785 785 1646671130 2080768
786 786 1648751898 2080768
787 787 1650832666 2080768
788 788 1652913434 2080768
789 789 1654994202 2080768
790 790 1657074970 2080768
791 791 1659155738 2080768
792 792 1661236506 2080768
793 793 1663317274 2080768
794 794 1665398042 2080768
795 795 1667478810 2080768
796 796 1669559578 2080768
797 797 1671640346 2080768
798 798 1673721114 2080768
799 799 1675801882 2080768
800 800 1677882650 1392640
801 801 1679275290 1392640
802 802 1680667930 1392640
803 803 1682060570 1392640
804 804 1683453210 1392640
805 805 1684845850 1392640
806 806 1686238490 1392640
807 807 1687631130 1392640
808 808 1689023770 1392640
809 809 1690416410 1381760
810 810 1691798170 1392640
811 811 1693190810 1392640
812 812 1694583450 1392640
813 813 1695976090 1392640
814 814 1697368730 1392640
815 815 1698761370 1392640
816 816 1700154010 1392640
817 817 1701546650 1392640
818 818 1702939290 1392640
819 819 1704331930 1392640
820 820 1705724570 1381760
821 821 1707106330 1392640
822 822 1708498970 1392640
823 823 1709891610 1381760
824 824 1711273370 1392640
825 825 1712666010 1392640
826 826 1714058650 1381760
827 827 1715440410 1392640
828 828 1716833050 1381760
829 829 1718214810 1392640
830 830 1719607450 1381760
831 831 1720989210 1392640
832 832 1722381850 1392640
833 833 1723774490 1392640
834 834 1725167130 1392640
835 835 1726559770 1381760
836 836 1727941530 1381760
837 837 1729323290 1392640
838 838 1730715930 1392640
839 839 1732108570 1381760
840 840 1733490330 1381760
841 841 1734872090 1392640
842 842 1736264730 1392640
843 843 1737657370 1392640
844 844 1739050010 1392640
845 845 1740442650 1381760
846 846 1741824410 1381760
847 847 1743206170 1381760
848 848 1744587930 1381760
849 849 1745969690 1381760
850 850 1747351450 1381760
851 851 1748733210 1392640
852 852 1750125850 1392640
853 853 1751518490 1381760
854 854 1752900250 1381760
855 855 1754282010 1381760
856 856 1755663770 1381760
857 857 1757045530 1381760
858 858 1758427290 1381760
859 859 1759809050 1381760
860 860 1761190810 1381760
861 861 1762572570 1381760
862 862 1763954330 1392640
863 863 1765346970 1392640
864 864 1766739610 1381760
865 865 1768121370 1381760
866 866 1769503130 1381760
867 867 1770884890 1381760
868 868 1772266650 1392640
869 869 1773659290 1381760
870 870 1775041050 1381760
871 871 1776422810 1381760
872 872 1777804570 1381760
873 873 1779186330 1381760
874 874 1780568090 1381760
875 875 1781949850 1381760
876 876 1783331610 1381760
877 877 1784713370 1381760
878 878 1786095130 1381760
879 879 1787476890 1381760
880 880 1788858650 1381760
881 881 1790240410 1392640
882 882 1791633050 1392640
883 883 1793025690 1392640
884 884 1794418330 1392640
885 885 1795810970 1392640
886 886 1797203610 1392640
887 887 1798596250 1392640
888 888 1799988890 1392640
889 889 1801381530 1392640
890 890 1802774170 1392640
891 891 1804166810 1381760
892 892 1805548570 1392640
893 893 1806941210 1392640
894 894 1808333850 1392640
895 895 1809726490 1392640
896 896 1811119130 1392640
897 897 1812511770 1392640
898 898 1813904410 1392640
899 899 1815297050 1381760
900 900 1816678810 1381760
901 901 1818060570 1392640
902 902 1819453210 1392640
903 903 1820845850 1381760
904 904 1822227610 1392640
905 905 1823620250 1392640
906 906 1825012890 1392640
907 907 1826405530 1392640
908 908 1827798170 1392640
909 909 1829190810 1381760
910 910 1830572570 1381760
911 911 1831954330 1392640
912 912 1833346970 1392640
913 913 1834739610 1392640
914 914 1836132250 1392640
915 915 1837524890 1392640
916 916 1838917530 1392640
917 917 1840310170 1381760
918 918 1841691930 1392640
919 919 1843084570 1381760
920 920 1844466330 1381760
921 921 1845848090 1392640
922 922 1847240730 1392640
923 923 1848633370 1381760
924 924 1850015130 1381760
925 925 1851396890 1392640
926 926 1852789530 1392640
927 927 1854182170 1381760
928 928 1855563930 1392640
929 929 1856956570 1392640
930 930 1858349210 1381760
931 931 1859730970 1381760
932 932 1861112730 1381760
933 933 1862494490 1381760
934 934 1863876250 1381760
935 935 1865258010 1392640
936 936 1866650650 1381760
937 937 1868032410 1392640
938 938 1869425050 1381760
939 939 1870806810 1381760
940 940 1872188570 1381760
941 941 1873570330 1392640
942 942 1874962970 1381760
943 943 1876344730 1381760
944 944 1877726490 1381760
945 945 1879108250 1381760
946 946 1880490010 1381760
947 947 1881871770 1381760
948 948 1883253530 1381760
949 949 1884635290 1381760
950 950 1886017050 1381760
951 951 1887398810 1381760
952 952 1888780570 1381760
953 953 1890162330 1381760
954 954 1891544090 1381760
955 955 1892925850 1381760
956 956 1894307610 1381760
957 957 1895689370 1381760
958 958 1897071130 1381760
959 959 1898452890 1381760
960 960 1899834650 924800
961 961 1900759450 924800
962 962 1901684250 924800
963 963 1902609050 924800
964 964 1903533850 917575
965 965 1904451425 917575
966 966 1905369000 917575
967 967 1906286575 917575
968 968 1907204150 688128
969 969 1907892278 688128
970 970 1908580406 365388
971 970 1908945794 688128
972 971 1909633922 688128
973 972 1910322050 688128
974 973 1911010178 688128
975 974 1911698306 675425
976 975 1912373731 688128
977 976 1913061859 439679
978 977 1913501538 688128
979 978 1914189666 688128
980 979 1914877794 683601
981 980 1915561395 688128
982 981 1916249523 688128
983 982 1916937651 688128
984 983 1917625779 672876
985 984 1918298655 672876
986 988 1918971531 365388
987 989 1919336919 672742
988 990 1920009661 672742
989 1007 1920682403 669012
990 1010 1921351415 368886
991 1011 1921720301 669486
992 1014 1922389787 669012
993 1016 1923058799 652507
994 1017 1923711306 652507
995 1018 1924363813 439679
996 1021 1924803492 669486
997 1022 1925472978 668304
998 1024 1926141282 435659
999 1026 1926576941 435659
1000 1027 1927012600 368886
1001 1030 1927381486 668304
1002 1041 1928049790 565111
1003 1043 1928614901 639179
1004 1088 1929254080 558295
1005 1089 1929812375 575382
1006 1090 1930387757 575382
1007 1091 1930963139 456960
1008 1092 1931420099 665190
1009 1093 1932085289 665190
1010 1094 1932750479 558295
1011 1095 1933308774 654268
1012 1096 1933963042 456960
1013 1097 1934420002 456960
1014 1098 1934876962 456960
1015 1099 1935333922 565111
1016 1100 1935899033 456960
1017 1101 1936355993 654268
1018 1102 1937010261 658871
1019 1103 1937669132 456960
1020 1104 1938126092 456960
1021 1105 1938583052 658871
1022 1106 1939241923 456960
1023 1107 1939698883 456960
1024 1108 1940155843 456960
1025 1109 1940612803 456960
1026 1110 1941069763 456960
1027 1111 1941526723 456960
1028 1112 1941983683 456960
1029 1113 1942440643 456960
1030 1114 1942897603 652589
1031 1115 1943550192 652589
1032 1116 1944202781 456960
1033 1117 1944659741 456960
1034 1118 1945116701 456960
1035 1119 1945573661 619766
1036 1120 1946193427 633579
1037 1121 1946827006 545145
1038 1122 1947372151 631534
1039 1123 1948003685 641349
1040 1124 1948645034 641349
1041 1125 1949286383 633579
1042 1126 1949919962 456960
1043 1127 1950376922 639179
1044 1128 1951016101 548968
1045 1129 1951565069 548968
1046 1130 1952114037 456960
1047 1131 1952570997 456960
1048 1132 1953027957 631534
1049 1133 1953659491 456960
1050 1134 1954116451 456960
1051 1135 1954573411 456960
1052 1136 1955030371 722087
1053 1137 1955752458 456960
1054 1138 1956209418 456960
1055 1139 1956666378 456960
1056 1140 1957123338 456960
1057 1141 1957580298 456960
1058 1142 1958037258 456960
1059 1143 1958494218 456960
1060 1144 1958951178 456960
1061 1145 1959408138 456960
1062 1146 1959865098 456960
1063 1147 1960322058 456960
1064 1148 1960779018 456960
1065 1149 1961235978 456960
1066 1150 1961692938 456960
1067 1151 1962149898 456960
1068 1152 1962606858 545145
1069 1153 1963152003 456960
1070 1154 1963608963 456960
1071 1155 1964065923 456960
1072 1156 1964522883 456960
1073 1157 1964979843 456960
1074 1158 1965436803 456960
1075 1159 1965893763 456960
1076 1160 1966350723 456960
1077 1161 1966807683 456960
1078 1162 1967264643 456960
1079 1163 1967721603 456960
1080 1164 1968178563 456960
1081 1165 1968635523 456960
1082 1166 1969092483 456960
1083 1167 1969549443 456960
1084 1168 1970006403 456960
1085 1169 1970463363 456960
1086 1170 1970920323 456960
1087 1171 1971377283 456960
1088 1172 1971834243 456960
1089 1173 1972291203 456960
1090 1174 1972748163 456960
1091 1175 1973205123 456960
1092 1176 1973662083 456960
1093 1177 1974119043 456960
1094 1178 1974576003 456960
1095 1179 1975032963 456960
1096 1180 1975489923 456960
1097 1181 1975946883 456960
1098 1182 1976403843 456960
1099 1183 1976860803 456960
1100 1184 1977317763 456960
1101 1185 1977774723 456960
1102 1186 1978231683 456960
1103 1187 1978688643 456960
1104 1188 1979145603 456960
1105 1189 1979602563 456960
1106 1190 1980059523 456960
1107 1191 1980516483 456960
1108 1192 1980973443 724984
1109 1193 1981698427 456960
1110 1194 1982155387 456960
1111 1195 1982612347 724984
1112 1196 1983337331 636228
1113 1197 1983973559 636228
1114 1198 1984609787 619766
1115 1199 1985229553 723755
1116 1200 1985953308 723755
1117 1201 1986677063 510136
1118 1202 1987187199 737102
1119 1203 1987924301 737102
1120 1204 1988661403 510136
1121 1205 1989171539 710689
1122 1206 1989882228 626140
1123 1207 1990508368 737684
1124 1208 1991246052 626140
1125 1209 1991872192 737684
1126 1210 1992609876 710689
1127 1211 1993320565 715421
1128 1212 1994035986 715421
1129 1213 1994751407 728998
1130 1214 1995480405 688909
1131 1215 1996169314 728998
1132 1216 1996898312 683911
1133 1217 1997582223 722087
1134 1218 1998304310 688224
1135 1219 1998992534 685090
1136 1220 1999677624 694230
1137 1221 2000371854 694666
1138 1222 2001066520 691048
1139 1223 2001757568 692401
1140 1224 2002449969 704995
1141 1225 2003154964 684651
1142 1226 2003839615 704995
1143 1227 2004544610 691146
1144 1228 2005235756 691366
1145 1229 2005927122 688224
1146 1230 2006615346 303450
1147 1231 2006918796 688128
1148 1232 2007606924 688909
1149 1233 2008295833 686920
1150 1234 2008982753 694666
1151 1235 2009677419 692680
1152 1236 2010370099 688128
1153 1237 2011058227 692680
1154 1238 2011750907 690265
1155 1239 2012441172 688128
1156 1240 2013129300 691756
1157 1241 2013821056 684777
1158 1242 2014505833 593990
1159 1243 2015099823 688128
1160 1244 2015787951 691146
1161 1245 2016479097 688128
1162 1246 2017167225 691366
1163 1247 2017858591 684856
1164 1248 2018543447 685090
1165 1249 2019228537 684777
1166 1250 2019913314 688128
1167 1251 2020601442 701838
1168 1252 2021303280 684253
1169 1253 2021987533 690271
1170 1254 2022677804 689945
1171 1255 2023367749 687998
1172 1256 2024055747 701838
1173 1257 2024757585 687360
1174 1258 2025444945 691874
1175 1259 2026136819 691756
1176 1260 2026828575 690271
1177 1261 2027518846 683911
1178 1262 2028202757 706134
1179 1263 2028908891 303450
1180 1264 2029212341 686049
1181 1265 2029898390 686472
1182 1266 2030584862 689593
1183 1267 2031274455 690748
1184 1268 2031965203 706134
1185 1269 2032671337 688128
1186 1270 2033359465 593990
1187 1271 2033953455 688128
1188 1272 2034641583 688128
1189 1273 2035329711 690748
1190 1274 2036020459 686472
1191 1275 2036706931 303450
1192 1276 2037010381 687993
1193 1277 2037698374 688128
1194 1278 2038386502 688128
1195 1279 2039074630 684856
1196 1280 2039759486 688128
1197 1281 2040447614 689466
1198 1282 2041137080 686920
1199 1283 2041824000 688128
1200 1284 2042512128 689466
1201 1285 2043201594 688128
1202 1286 2043889722 688128
1203 1287 2044577850 685179
1204 1288 2045263029 688128
1205 1289 2045951157 692002
1206 1290 2046643159 684253
1207 1291 2047327412 689945
1208 1292 2048017357 684636
1209 1293 2048701993 688372
1210 1294 2049390365 688128
1211 1295 2050078493 688730
1212 1296 2050767223 688128
1213 1297 2051455351 688128
1214 1298 2052143479 683648
1215 1299 2052827127 692740
1216 1300 2053519867 692002
1217 1301 2054211869 688128
1218 1302 2054899997 687998
1219 1303 2055587995 688128
1220 1304 2056276123 688128
1221 1305 2056964251 688128
1222 1306 2057652379 686049
1223 1307 2058338428 721974
1224 1308 2059060402 690432
1225 1309 2059750834 303450
1226 1310 2060054284 692740
1227 1311 2060747024 688128
1228 1312 2061435152 688128
1229 1313 2062123280 689022
1230 1314 2062812302 688128
1231 1315 2063500430 690432
1232 1316 2064190862 688372
1233 1317 2064879234 688128
1234 1318 2065567362 688128
1235 1319 2066255490 688128
1236 1320 2066943618 688128
1237 1321 2067631746 686978
1238 1322 2068318724 688128
1239 1323 2069006852 688128
1240 1324 2069694980 688128
1241 1325 2070383108 688128
1242 1326 2071071236 688128
1243 1327 2071759364 688128
1244 1328 2072447492 688128
1245 1329 2073135620 688128
1246 1330 2073823748 689593
1247 1331 2074513341 675425
1248 1332 2075188766 442745
1249 1333 2075631511 688128
1250 1334 2076319639 687346
1251 1335 2077006985 686310
1252 1336 2077693295 688128
1253 1337 2078381423 688128
1254 1338 2079069551 688128
1255 1339 2079757679 688128
1256 1340 2080445807 441851
1257 1341 2080887658 688128
1258 1342 2081575786 713546
1259 1343 2082289332 688128
1260 1344 2082977460 683648
1261 1345 2083661108 688128
1262 1346 2084349236 691874
1263 1347 2085041110 688128
1264 1348 2085729238 688128
1265 1349 2086417366 688128
1266 1350 2087105494 442745
1267 1351 2087548239 688128
1268 1352 2088236367 688128
1269 1353 2088924495 688128
1270 1354 2089612623 688128
1271 1355 2090300751 688128
1272 1356 2090988879 688128
1273 1357 2091677007 587081
1274 1358 2092264088 688128
1275 1359 2092952216 688128
1276 1360 2093640344 688128
1277 1361 2094328472 688128
1278 1362 2095016600 687831
1279 1363 2095704431 688128
1280 1364 2096392559 688321
1281 1365 2097080880 688321
1282 1366 2097769201 688128
1283 1367 2098457329 688128
1284 1368 2099145457 682799
1285 1369 2099828256 688128
1286 1370 2100516384 688128
1287 1371 2101204512 688128
1288 1372 2101892640 688128
1289 1373 2102580768 688128
1290 1374 2103268896 688128
1291 1375 2103957024 688128
1292 1376 2104645152 688618
1293 1377 2105333770 624436
1294 1378 2105958206 688128
1295 1379 2106646334 688128
1296 1380 2107334462 721974
1297 1381 2108056436 688128
1298 1382 2108744564 688128
1299 1383 2109432692 688128
1300 1384 2110120820 688128
1301 1385 2110808948 688128
1302 1386 2111497076 688128
1303 1387 2112185204 688128
1304 1388 2112873332 688128
1305 1389 2113561460 688128
1306 1390 2114249588 688128
1307 1391 2114937716 688128
1308 1392 2115625844 688128
1309 1393 2116313972 688128
1310 1394 2117002100 688128
1311 1395 2117690228 688128
1312 1396 2118378356 688128
1313 1397 2119066484 688128
1314 1398 2119754612 688128
1315 1399 2120442740 688128
1316 1400 2121130868 688128
1317 1401 2121818996 688128
1318 1402 2122507124 686978
1319 1403 2123194102 688128
1320 1404 2123882230 688128
1321 1405 2124570358 688128
1322 1406 2125258486 688128
1323 1407 2125946614 688128
1324 1408 2126634742 688128
1325 1409 2127322870 688128
1326 1410 2128010998 695762
1327 1411 2128706760 688128
1328 1412 2129394888 688128
1329 1413 2130083016 683601
1330 1414 2130766617 688128
1331 1415 2131454745 688128
1332 1416 2132142873 688128
1333 1417 2132831001 688128
1334 1418 2133519129 688128
1335 1419 2134207257 688128
1336 1420 2134895385 688128
1337 1421 2135583513 688128
1338 1422 2136271641 687872
1339 1423 2136959513 688128
1340 1424 2137647641 688128
1341 1425 2138335769 686310
1342 1426 2139022079 688128
1343 1427 2139710207 624436
1344 1428 2140334643 688128
1345 1429 2141022771 688128
1346 1430 2141710899 688128
1347 1431 2142399027 688730
1348 1432 2143087757 688128
1349 1433 2143775885 688128
1350 1434 2144464013 688128
1351 1435 2145152141 688128
1352 1436 2145840269 688128
1353 1437 2146528397 688618
1354 1438 2147217015 688128
1355 1439 2147905143 441851
1356 1440 2148346994 688128
1357 1441 2149035122 688128
1358 1442 2149723250 688128
1359 1443 2150411378 688128
1360 1444 2151099506 688128
1361 1445 2151787634 688128
1362 1446 2152475762 587081
1363 1447 2153062843 688128
1364 1448 2153750971 687831
1365 1449 2154438802 688128
1366 1450 2155126930 688128
1367 1451 2155815058 688128
1368 1452 2156503186 688128
1369 1453 2157191314 688128
1370 1454 2157879442 688128
1371 1455 2158567570 688128
1372 1456 2159255698 688128
1373 1457 2159943826 688128
1374 1458 2160631954 688128
1375 1459 2161320082 682730
1376 1460 2162002812 688128
1377 1461 2162690940 688128
1378 1462 2163379068 688128
1379 1463 2164067196 687521
1380 1464 2164754717 688128
1381 1465 2165442845 688128
1382 1466 2166130973 689022
1383 1467 2166819995 688128
1384 1468 2167508123 687353
1385 1469 2168195476 688128
1386 1470 2168883604 684651
1387 1471 2169568255 688128
1388 1472 2170256383 688128
1389 1473 2170944511 688128
1390 1474 2171632639 688128
1391 1475 2172320767 688128
1392 1476 2173008895 688128
1393 1477 2173697023 687521
1394 1478 2174384544 688128
1395 1479 2175072672 688128
1396 1480 2175760800 688128
1397 1481 2176448928 687993
1398 1482 2177136921 688128
1399 1483 2177825049 688128
1400 1484 2178513177 688128
1401 1485 2179201305 688128
1402 1486 2179889433 682799
1403 1487 2180572232 685179
1404 1488 2181257411 688128
1405 1489 2181945539 688128
1406 1490 2182633667 688128
1407 1491 2183321795 688128
1408 1492 2184009923 688128
1409 1493 2184698051 688128
1410 1494 2185386179 687346
1411 1495 2186073525 688128
1412 1496 2186761653 688128
1413 1497 2187449781 688128
1414 1498 2188137909 688128
1415 1499 2188826037 688128
1416 1500 2189514165 688128
1417 1501 2190202293 688128
1418 1502 2190890421 688128
1419 1503 2191578549 687353
1420 1504 2192265902 705860
1421 1505 2192971762 705860
1422 1506 2193677622 688128
1423 1507 2194365750 691914
1424 1508 2195057664 713546
1425 1509 2195771210 687872
1426 1510 2196459082 695762
1427 1511 2197154844 684636
1428 1512 2197839480 694226
1429 1513 2198533706 688128
1430 1514 2199221834 521236
1431 1515 2199743070 690265
1432 1516 2200433335 594128
1433 1517 2201027463 521236
1434 1518 2201548699 687360
1435 1519 2202236059 694230
1436 1520 2202930289 594128
1437 1521 2203524417 692401
1438 1522 2204216818 691973
1439 1523 2204908791 492380
1440 1524 2205401171 691973
1441 1525 2206093144 702541
1442 1526 2206795685 702541
1443 1527 2207498226 688128
1444 1528 2208186354 692260
1445 1529 2208878614 694226
1446 1530 2209572840 492380
1447 1531 2210065220 688128
1448 1532 2210753348 691048
1449 1533 2211444396 682730
1450 1534 2212127126 691914
1451 1535 2212819040 692260
